Mixture	Dendritic cell	Natural killer (NK) cell	CD4+ T cell	B cell	Monocyte:CD16-	Natural killer T (NKT) cell	Naive CD4+ T cell	Monocyte:CD16+	Neutrophil	Naive CD8+ T cell	Regulatory T (Treg) cell	Plasma cell	Megakaryocyte	Plasmacytoid dendritic cell	MKI67+ progenitor cell	Exhausted CD8+ T cell	Macrophages	Endothelial cell	Mast cell	Fibroblast	keratinocyte	Basal cell	Myofibroblast	P-value	Correlation	RMSE
GSM5629971	0.0142984865777745	0.166264297438513	0	0.00432689079103638	0.0339806280905001	0	0.167032647792057	0	0	0	0.255392657338502	0	0	0	0	0.146103883122322	0	0	0	0.0314838224988953	0.0230836623176345	0.158033024032764	0	0	0.388824098334699	0.974350831572789
GSM5629972	0	0.110206408087293	0	0	0.276451568913408	0	0.175149476514796	0	0	0	0.259096176292196	0.00500601878747221	0	0.00296839393458851	0.0258304976673057	0.0316151370767227	0.00783813872299424	0.0182400889989941	0	0.0332423582811217	0.000449765652564045	0.0511386012183462	0.00276736985219813	0.021	0.145685878035158	1.07911003904425
GSM5629980	0.0175312721580527	0.0799876345110742	0	0.0113972453566094	0	0.018599317285935	0.0836396129676214	0.00220181434907207	0.14676731540952	0	0.215002599820074	0	0	0	0	0.175717419547432	0	0	0	0.030650369555402	0.0357339216917023	0.182771477347505	0	0	0.561910086370466	0.845193799963609
GSM5629981	0.00482250239029072	0.13314191422137	0	0	0.209274014199384	0	0.169734237348802	0	0	0	0.314171293665092	0.00676796897347982	0	0	0.00144801671933621	0.0234582848687073	0.00233757052912049	0	0	0.0926481235399623	0.00287152821928476	0.0393245453251706	0	0.055	0.100050748960804	1.09588106697276
GSM5629986	0.0140521093424663	0.0536700193641778	0	0.0146052692989996	0	0.0126731366506953	0.0685678799722666	0.00567647440467749	0.357457659666882	0	0.201257695469565	0	0	0.00605588955948412	0	0.107965069723882	0.00597131433065228	0.000443732879844484	0	0.027688107733227	0.00902182884081025	0.110373399380043	0.00452041338232754	0	0.54581090837833	0.840086578190094
GSM5629987	0	0.224893337058897	0	0	0.162129614635105	0	0.00528096549476138	0	0	0	0.340283598382759	0.0123220153825899	0	0.0107942777407652	0	0.0761933141113332	0.0386580042781162	0.0115317742264513	0	0.0869761542653731	0	0.0309369444238493	0	0.093	0.072169511209168	1.09767881763107
GSM5630006	0	0.129574349427554	0.0432395251958895	0	0.2484484070339	0	0	0	0	0.0424852316650036	0.22640122576701	0.031081549842089	0	0.018661610947899	0.0538271055726853	0.0837900089763715	0.01811098393337	0	0	0.0164303845016219	0.00492057020785241	0.0704455524504066	0.0125834944783471	0.001	0.312149971517245	0.993846849429347
GSM5630007	0.00639775419678382	0.175757477472513	0	0	0.223518652411613	0	0.113123869861415	0	0	0	0.312394529521776	0.0028038384508958	0	0	0	0	0.0132149436314036	0.00185459098280489	0	0.108637150122545	0.00219724710290165	0.0400999462453482	0	0.028	0.130099592413536	1.07578051451586
GSM5630008	0.00316725356711324	0.205010494061114	0	0	0.0907531783890244	0	0.120977425790525	0	0	0	0.292488919656961	0.0029679140144826	0	0.00963572563196927	0	0.162131272879007	0.00703996098239224	0	0	0.0367605978450092	0.0114219801162426	0.0556451008487331	0.00200017621742684	0.049	0.10684621735357	1.09957231523752
GSM5630009	0.00284709662487996	0.157896351321074	0	0	0.163460126633296	0	0.116914210093655	0	0	0	0.356376866686069	0	0	0	0	0.0110119501765093	0.020007058963869	0	0	0.139488285950238	0.00412227061580498	0.0250778571765877	0.00279792575801744	0.051	0.104711197009533	1.08369698341475
GSM5630010	0.00455132306113334	0.161108878539656	0	0	0.21951605733459	0	0.216834195239872	0	0	0	0.24726403438184	0.000463717834261297	0	0	0.0086071228107755	0.00131481211224247	0.00562282592715488	0	0	0.0729083734789744	0.00546005687174009	0.0521913552612747	0.00415724714648509	0.023	0.142274344012339	1.07870831640426
GSM5630011	0.00343739035395372	0.233736641876267	0	0	0.213635691590273	0	0.142797270462137	0	0	0	0.230524015098588	0.015337498725898	0	0.00264744183942367	0	0.0325154475312365	0.0175865586489848	8.28352402057981e-06	0	0.0518359777819564	0.00369499709683508	0.0445477228818102	0.00769506258861623	0.051	0.104676007930012	1.09178122794545
GSM5630012	0.0106581817650217	0.163760387682921	0	0	0.142801377285202	0	0.179890616101815	0	0	0	0.306295521049205	0	0	0	0	0.0523815077113483	0	0	0	0.0173344793427215	0.0230886501098176	0.103789278951948	0	0.002	0.262175976960369	1.03232437880947
GSM5630013	0.00184466202247548	0.171398212413923	0	0	0.197859170538259	0	0.110034730626789	0	0	0	0.326928543836151	0.00641660381119902	0	0	0.0124208444722084	0.027563088307045	0.00999603774616094	0.025000742454823	0	0.0637017658766458	0.000765976454161629	0.0359049063906799	0.0101647150494796	0.051	0.104667026116857	1.08845268468537
GSM5630016	0.00946032507309054	0.126270133194316	0	0	0.116879150580472	0	0.145574608599146	0	0	0	0.225345243017028	0	0	0	0	0.174657412352364	0.000691617212914304	0	0	0.0378782589490811	0.00800636418059884	0.155236886840989	0	0	0.413959070298583	0.954204254633876
GSM5630017	0.000400999029237003	0.213559834041322	0	0	0.128473132287337	0	0.13873558225853	0	0	0	0.17389132409458	0.00637283571349832	0	0	0.019369644608824	0.171406456200719	0.0293246340582197	0.00481148101185587	0	0.0892676266568777	0.00295512701411442	0.0214313230248856	0	0.02	0.147940801326817	1.06919961743641
GSM5630018	0.0117537188749861	0.133564954700519	0	0	0.0502490989627862	0	0.145233490722108	0	0	0	0.219503507991188	0.0038714720911124	0	0	0	0.222224204712051	0	0	0	0.0455159675855924	0.0463241884120176	0.121759395947638	0	0.002	0.254139065287162	1.05385035336945
GSM5630019	0.0015495319108122	0.175033755069966	0	0	0.300177329996519	0	0.11144042751197	0	0	0	0.215015847130455	0.00657367264701315	0	0	0.0148662423406644	0	0.00601241937097687	0	0	0.078956197032177	0.00204896820474651	0.0642402089240873	0.0240853998606129	0.004	0.212884561097769	1.04101769809774
GSM5630020	0.0229492093405246	0.108942687246654	0	0	0	0.0421411852926208	0.107859982020912	0	0.0997905281433425	0	0.188192638691585	0	0	0	0	0.163634471611366	0	0	0	0.0262088918974359	0.0522749235854498	0.188005482170109	0	0	0.473268431246049	0.925632040807079
GSM5630021	0.00695074337878426	0.19861568101863	0	0	0.222282754775919	0	0.045699229015031	0	0	0	0.291758698291533	0.0193838210435719	0	0.0136437930650698	0.00824716358550984	0.0753791921603492	0.0228196812839433	0	0	0.0207321292509244	0.00275994358303099	0.0636227662694974	0.00810440327820575	0.004	0.212776787144161	1.04234278070319
GSM5630024	0.0194367987708021	0.00230667810643359	0	0.0140478156334721	0	0.0405899982713985	0.0190792412769935	0.000654068607424043	0.565537253670275	0	0.13628407006884	0.00372780448830104	0	0.00611305899152643	0	0.0617280783962605	0	0	0	0.0235672422616406	0.00662036682816303	0.10030752462847	0	0	0.677138894396153	0.742971208028581
GSM5630025	0.00204448015421481	0.17966787096792	0	0	0.278619775726144	0	0.118437948919597	0	0	0	0.249818292066103	0.0134861393841038	0	0	0.0187766637294484	0.0259047873738648	0.0127790212957634	0.00314686705689508	0	0.0342351248180218	0.00234293875318211	0.05700125198493	0.00373883776981149	0.00700000000000001	0.186283685386362	1.05496734678443
GSM5630031	0.0151155633853296	0.10770622195005	0	0	0.0660727249414455	0.00349131471205469	0.151322868503804	0	0	0	0.242627437514145	0.00755371320713143	0	0	0	0.194977181567306	0	0	0	0.0159237386053621	0.0392211285485349	0.155988107064837	0	0	0.394435984298647	0.974813487039781
GSM5630032	0.00474125291172094	0.159395869222091	0	0	0.315325701778641	0	0.10752819585424	0	0	0	0.238145662342631	0.0116286226473189	0	0	0.00875763123845527	0	0.00664844442655821	0	0	0.0808903778649833	0.00387374741553802	0.0630644942978229	0	0.00800000000000001	0.182595629773317	1.05880345828454
GSM5630034	0.0123151080591982	0.181910137623471	0	0	0.16648777074179	0.00979089327969845	0.152430594053242	0	0	0	0.2359863951633	0	0	0	0	0.039081370775499	0	0.0014782378863326	0	0.0550650954311238	0.0219554823882735	0.123498914598072	0	0.001	0.31713445439961	1.0042508460608
GSM5630035	0	0.192560164429638	0.0312533798037654	0	0.287906304564621	0	0	0	0	0	0.203697051557621	0.0205348547050363	0	0.00456811319042372	0.00308400718039298	0.129261440848454	0.0204096427723815	0.0107752219584289	0	0.0493857161044301	0.00238461930095049	0.0441794835838573	0	0.00700000000000001	0.186553698972147	1.05114322056025
GSM1315609	0.0218125277069108	0.125810933155692	0	0.0133227684805321	0	0	0.0801657215411257	0	0.136739880363056	0	0.223077403925649	0	0	0	0	0.151119733753962	0	0	0	0.0255612204205164	0.0408525875806877	0.181537223071868	0	0	0.48490174318955	0.909451603602201
GSM1315610	0.0351525541762623	0.0696511209428731	0.0328865210909695	0.0422048145041437	0	0.0304843169490657	0	0.0149373237992344	0.250126545260044	0	0.208642444133778	0	0	0	0	0	0	0	0	0.0269900446552281	0.0472082328468707	0.241716081641531	0	0	0.559475412490312	0.875574577711933
GSM1315612	0.0186482955810333	0.235537395589121	0	0	0.100564721013952	0	0.0690518490439736	0	0	0	0.294782517609014	0.00402443916263204	0	0.00205626303946653	0	0.0913844481575814	0.0169374122388647	0	0	0.0320910454730344	0.0097617693192724	0.125159843772054	0	0.001	0.336433170553955	0.989933863637785
GSM1315613	0.0164736297003014	0.154104975392644	0	0	0.0881564287260412	0	0.220323920897182	0	0	0	0.304594173810272	0.00151735147392959	0	0	0.0178884471110274	0	0.00131866045163812	0	0	0.0576160690604264	0.0108275256615255	0.127178817715012	0	0.002	0.300890748706378	1.01876782905613
GSM1315615	0.0231830189003123	0.0856277985261109	0	0.00382374480854261	0	0.0235451533197774	0.0984019308249869	0	0.162691475700821	0	0.243675534394995	0.00206295979981995	0	0	0	0.161635802586726	0	0.00105612889665462	0	0.0204111102908422	0.0271313960554599	0.146753945894951	0	0	0.50485458884846	0.880932785162522
GSM1315617	0.00579805809526457	0.0987919057064848	0	0	0.151514027146962	0	0.188204581500325	0	0	0	0.203482636342018	0	0	0	0.00059953722244318	0.213139992982356	0.00300853450758293	0	0	0.0186700784302404	0.0112843630797788	0.105506284986545	0	0.002	0.296532563046028	1.01858706290679
GSM1315618	0.000422924701528565	0.0899491597716271	0	0	0.157733095257413	0	0.178532018498732	0	0	0	0.274961382964048	0	0	0	0.0232727387463574	0.099801215013797	0	0	0	0.015214309331112	0.00924793273567161	0.150865222979712	0	0	0.383918672602089	0.973406784345453
GSM1315623	0.0184920939833061	0.136948004759438	0	0	0.0339874235620417	0	0.122197466925333	0	0	0	0.302634774741113	0.000247509791741618	0	0	0	0.189021575305451	0	0	0	0.023292992181012	0.0175281766793105	0.155649982071252	0	0	0.41058145646823	0.958428436446417
GSM1315627	0.00488739163241649	0.135989070010381	0	0	0.0640627533885516	0	0.298910714610903	0	0	0	0.24032533251376	0	0	0	0	0.104593533326314	0.00604788005695919	0	0	0.017836786861299	0.00676910601371014	0.120577431585706	0	0.002	0.295378377192401	1.02457319456871
GSM1315629	0.00228242432056057	0.171718473175371	0	0.00341517878267762	0.0499726002570821	0	0.300394354282613	0	0	0	0.296786167789302	0.00186024148609402	0	0	0	0.0164150247493073	0.00178117484876419	0	0	0.0161978962169751	0.0130379171435864	0.126138546947666	0	0.001	0.361952809212909	0.978102722490589
GSM1315630	0.00648271622771872	0.080844433384027	0	0	0.0863509684364798	0.0206263869483946	0.253636126586339	0	0	0	0.301693711059158	0	0	0	0	0.0768526857328727	0.00138007579123357	0	0	0.0311705846167496	0.00774044477860265	0.133221866438425	0	0	0.379073981308852	0.971797094145054
GSM1315631	0.0164630295251952	0.138937272040023	0	0	0.0698535823521507	0	0.158834853699019	0	0	0	0.270686039616337	0.00827701967780876	0	0	0	0.140978124452942	0	0	0	0.00666433140748693	0.0232386433043355	0.166067103924703	0	0	0.407852768723417	0.965801654380448
GSM1315632	0.0159741177359768	0.109927194276494	0	0.0119147540061452	0	0	0.0917827876076943	4.56529915658284e-05	0.169715312128532	0	0.227507848797597	0	0	0.00121930023277045	0	0.154008539432961	0	0	0	0.0201516350366567	0.0223629891896433	0.172355061893301	0.00303480667066212	0	0.569012056810906	0.83392749435916
GSM1315633	0.0147522764407693	0.160992042889296	0	0	0.201908051571229	0	0.152656862221858	0	0	0	0.253073102509946	0	0	0	0	0.0228610359708195	0.00209325151418433	0	0	0.0366626860089748	0.010537046990136	0.144463643882786	0	0	0.384559049183282	0.968391696654823
GSM1315634	0.0177319042259189	0.102671174487704	0	0.0231317613282197	0	0.0205117997084246	0.11836320042891	0	0.228734952877778	0	0.235447474687326	0	0	0	0	0.0553159066885259	0	0	0	0.044998159080646	0.0186215093919632	0.132946653985782	0.00152550310880247	0	0.510247884338715	0.869801436021665
GSM1315636	0.017829149972282	0.12604451543295	0	0	0.0494977104442394	0	0.113147541256304	0	0	0	0.289568374751627	0.00117192417392283	0	0	0	0.168919523725407	0	0	0	0.0295395624815245	0.0240619923542805	0.180219705407463	0	0	0.438450623220537	0.947867136882732
GSM1315637	0.00764345252701045	0.0942001454277955	0	0	0.124649662000449	0	0.12887168016089	0	0	0	0.220807385841577	0.00492284730788109	0	0	0.000268100663213381	0.256818429167037	0	0	0	0.014491740232268	0.0113552793409821	0.135971277330897	0	0	0.388307920787931	0.968460963585551
GSM1315638	0.012043435903051	0.117128026705751	0	0	0.0740720796952556	0	0.109177917865467	0	0	0	0.246228138188581	0.00117530350613179	0	0	0	0.222795224456523	0	0	0	0.0166960291738922	0.0204915767079199	0.180192267797427	0	0	0.420407975883321	0.962482682563897
GSM1315640	0.00629389514037933	0.11251261284542	0	0	0.0298976612263952	0	0.250842495831394	0	0	0	0.235397396488767	0	0	0	0	0.205415775915636	0.00315171732293763	0.000677057998129317	0	0.0172423513359801	0.0118393694186141	0.126729666476347	0	0.001	0.347761206974091	0.995505678363564
GSM1315641	0.0166656589899047	0.131595032726293	0	0	0.0530189462519048	0.0061437211388824	0.208106034722051	0	0	0	0.246089829281826	0	0	0	0	0.151565054868948	0.00491583397658977	0	0	0.0336736206450971	0.0102222871126648	0.138003980285839	0	0	0.370491343657449	0.981505624531466
GSM1315642	0.00976824750894735	0.151412578306448	0	0	0.12558175638261	0	0.139994863671285	0	0	0	0.235209546298104	0.000895730544149247	0	0	0	0.154521487624246	0.00175432835552919	0.00151537065645571	0	0.0224828960680107	0.0184875918868013	0.138375602697415	0	0	0.375332276675456	0.974518129377806
GSM1315643	0.00653912853044591	0.104510441150328	0	0	0.104982399838454	0	0.160343494158129	0	0	0	0.257554638146979	0.00462943539889261	0	0	0	0.191144478956011	0.00100206604842364	0	0	0.0178380097324281	0.00500741646290038	0.146448491577008	0	0	0.420982788721676	0.946807352665648
GSM1315648	0.0120362413700477	0.149919399335561	0	0	0.193881082061885	0	0.0737118969359584	0	0	0	0.205464028078469	0	0	0	0	0.191179338509488	0	0	0	0.0242551186998434	0.0279066933868084	0.12164620162194	0	0.002	0.303509342678722	1.01675349680572
GSM1315650	0.00651179016079415	0.168318736553521	0	0	0.152521394848682	0	0.182764081278416	0	0	0	0.204719881976715	0.0104197446191676	0	0.00621078613382337	0.0154423638990883	0.119882530944892	0.0234793337517106	0	0	0.037202077221388	0	0.0703736354906815	0.00215364312112053	0.004	0.208933412731966	1.05385608505774
GSM1315657	0.00407819806279859	0.125678939491642	0	0	0.167900105793346	0	0.180449895867771	0	0	0	0.270651048224557	0	0	0	0	0.0748659598036061	0	0	0	0.0435022920488715	0.0184261859910301	0.114447374716378	0	0.002	0.296826895470132	1.01490043399721
GSM1315661	0.00594174336826076	0.155561438596849	0	0	0.160090490967024	0	0.124901072189812	0	0	0	0.242402359123286	0.000969840502728343	0	0	0	0.143649228805	0.00149296654701495	0.000697985588563062	0	0.0209197798206794	0.014267359105228	0.129105735385555	0	0.001	0.358207937142058	0.980638679199236
GSM1315662	0.0189872991906753	0.119655376564608	0	0.00731642833480731	0	0.00958342835283816	0.111504367273302	0	0.101115316111158	0	0.265862657783497	0	0	0	0	0.167128397534008	0.00832084559465117	0.00174862592211125	0	0.0476561250819396	0.0124071394680969	0.128713992788308	0	0.001	0.336370435847751	0.994112511667552
GSM1315666	0.013229212906396	0.120697318654569	0	0	0.0913298550523936	0	0.176832426670207	0	0	0	0.266854999989331	0	0	0	0	0.134017491066541	0	0	0	0.0360496766705676	0.0231972518708294	0.137791767119165	0	0	0.387019545719306	0.968306256965981
GSM1315667	0.00384319895112669	0.200251373812255	0	0.00377734201196369	0.0603337728138312	0	0.285412393233254	0	0	0	0.255285320160842	0	0	0	0	0.0288181325075214	0	0	0	0.0156984969210454	0.0203493582278308	0.126230611360329	0	0.001	0.34933984342481	0.986213801608302
GSM1315670	0.00932261325384675	0.147808662016087	0	0	0.0768648248217916	0	0.142431719720537	0	0	0	0.26072815597743	0	0	0	0	0.174008651960172	0.00638339779047601	0	0	0.0417913617512265	0.00474891039562986	0.135911702312803	0	0.001	0.345260512752305	0.993230657516109
GSM1315671	0.0179216906995546	0.167357344826513	0	0	0.0902368655167711	0.00358986471525834	0.170492375494255	0	0	0	0.296005149493263	0	0	0	0	0.0296805322781025	0.0064869737470601	0	0	0.0431757920610868	0.0087201999885445	0.166333211179591	0	0	0.403870098067654	0.963077917977789
GSM1315672	0.00487387833872197	0.228461393146621	0	0	0.107746469011471	0	0.184593401851411	0	0	0	0.231184646491409	0.00219034126900997	0	0.0019469787442759	0	0.0903369477222671	0.0172916603210749	0.00839887178422309	0	0.0402126691486529	0.00463352020368842	0.0781292219671735	0	0.003	0.236139930962705	1.03540771891506
GSM1315673	0.00928961148215642	0.140751428128668	0	0	0.147167057875745	0	0.138674445677605	0	0	0	0.212410975435619	0.000985542643721192	0	0	0	0.188659144515711	0.00512636458140795	0	0	0.0373715554518527	0.00581719126957371	0.11374668293794	0	0.002	0.299981971376096	1.01544221697185
GSM1315674	0.00807773346179735	0.13371923014586	0	0	0.0713537841906691	0	0.147042424389253	0	0	0	0.25935157627369	0	0	0	0	0.175118787782918	0.0034148573779953	0	0	0.0498073950825883	0.0076204710549087	0.14449374024032	0	0.001	0.354474975182519	0.990927680854669
GSM1315678	0.00462952739976934	0.128395972264298	0	0	0.127736703787231	0	0.133254802324017	0	0	0	0.243162629588942	0	0	0	0	0.164473584115372	0	0	0	0.0117159920119112	0.0272932070964657	0.159337581411994	0	0	0.416754119465986	0.953841815914254
GSM1315679	0.00966290147061436	0.124601655241093	0	0	0.139548527179207	0	0.173762106743112	0	0	0	0.229658759843366	0.00424902490210561	0	0	0	0.124723002076225	0	0	0	0.0316831908023043	0.0226985333070349	0.139412298434938	0	0	0.370294391032165	0.980104113858104
GSM1315685	0.0199718683786935	0.160782683106167	0	0	0.0389147410039968	0.0056772257786833	0.139071341045332	0	0	0	0.310791474671578	0	0	0	0	0.0538644320486	0	0	0	0.0601328029469842	0.0220709284374619	0.188722502582503	0	0	0.412604274723957	0.968034155918903
GSM1315686	0.0138294039214777	0.170376811940591	0	0	0.178138615936058	0	0.142051079127372	0	0	0	0.260425014234033	0	0	0	0	0.0620319491869933	0.000317803818133425	0	0	0.0415000430300209	0.0105572334404729	0.120772045364847	0	0.001	0.329809686372347	0.995478329154697
GSM1315687	0.0125958225447314	0.193629111640096	0	0.00340583572220191	0.0515496966022467	0	0.153956417334504	0	0	0	0.299815305910716	0	0	0	0	0.0557664220145483	0.00492126164118753	0	0	0.0739210066897021	0.0147731604066742	0.135665959493391	0	0.001	0.339221428341505	0.993017784102915
GSM1315688	0.00406062260590035	0.239071247780973	0	0	0.0964379124714738	0	0.167566583657168	0	0	0	0.238221224648049	0.00441663623671669	0	0	0	0.0861928008878823	0.0139741552585568	0.0103480675490504	0	0.0522107776840401	0.0106373729773761	0.0768625982428139	0	0.003	0.237371785325357	1.03269114633118
GSM1315689	0.0104135844065738	0.16522447061852	0	0	0.147005588423366	0	0.198275557258514	0	0	0	0.242990737190641	0	0	0	0	0.0732323936160053	0.0105132915488674	0.0015743796517125	0	0.0694895424389597	0.00442163805936783	0.0768588167874727	0	0.003	0.226976496902183	1.04332215563715
GSM1315690	0.00899698433036812	0.153442397920453	0	0	0.186778276388985	0	0.154173042969354	0	0	0	0.25732621769469	0	0	0	0	0.0478828347521368	0.000427988437589676	0	0	0.0501136991959806	0.0151632741019192	0.125695284208523	0	0.001	0.314988813310776	1.00661579431269
GSM1315692	0.00306340307345299	0.203816246267128	0	0	0.205023576611342	0	0.0593531425120016	0	0	0	0.241198474436857	0	0	0	0	0.0882828569744154	0.00792872688364513	0	0	0.04971842855552	0.0116491006645266	0.129966044021111	0	0.002	0.310543820347412	1.00632563828659
GSM1315693	0.0162516743523674	0.135614678768656	0	0	0	0	0.0893260015288603	0	0.208035830330722	0	0.267050302678612	0.00989076340378968	0	0	0	0.0849313087679873	0.00218076960199495	0.000295244473447724	0	0.024341792575701	0.0158881791897285	0.146193454328134	0	0	0.548403422664718	0.843043656364959
GSM1315694	0.0136698370158555	0.203586604575881	0	0	0.142061179460671	0	0.143282968201	0	0	0	0.250961942176947	0	0	0	0	0.0544296565851976	0	0	0	0.0302763085110822	0.0363515126299806	0.125379990843385	0	0.001	0.323290497576578	1.00222863009508
GSM1315695	0.016140219673437	0.167110379616749	0	0	0.0729587240256117	0	0.138479161601044	0	0	0	0.276724716480162	0	0	0	0	0.131036833868277	0.00385772253652203	0.000891288367471814	0	0.0184401447955375	0.00965440968594628	0.164706399349241	0	0	0.396068529357546	0.969956944745295
GSM1315696	0.0127484633291304	0.195777056989881	0	0	0.0573860533890864	0	0.151745843327002	0	0	0	0.286517492039521	0	0	0	0	0.0712765251325541	0	0	0	0.0361367215665363	0.0272404137596214	0.161171430466669	0	0	0.377409622599924	0.979860385652652
GSM1315697	0.0140123451363334	0.138583486561427	0	0	0.0911543671180335	0	0.125021843285454	0	0	0	0.282233634799603	0	0	0	0	0.142197777389694	0	0	0	0.0436367542756919	0.0192633985173292	0.143896392916434	0	0.001	0.34659595183865	0.996414535341413
GSM1315698	0.0219573895477078	0.154970025156385	0	0	0.118042158198062	0.0461990769096005	0.0865046292213222	0	0	0	0.27412920762337	0	0	0	0	0.0570198340692931	0	0	0	0.0316889588057094	0.0294755978544769	0.180013122614073	0	0	0.416413320102465	0.961987057078468
GSM1315699	0.0125825249361887	0.160141014449013	0	0.0107975297840889	0.0593444729169471	0	0.15740631642997	0	0	0	0.297797559949775	0	0	0	0	0.0803614356678562	0	0	0	0.0634122387491654	0.0133303458234087	0.144826561293587	0	0	0.370598127171445	0.977800065661952
GSM1315700	0.0162886166531947	0.175347407653781	0	0.0168804005424512	0	0	0.0340536611270495	0	0.0847024569448767	0	0.307314889485154	0	0	0	0	0.135026764656177	0	0.00279088385766415	0	0.0339152764796355	0.027010082941548	0.166669559658468	0	0	0.398336179475991	0.963755362366443
GSM1315701	0.00729579030871612	0.132536257289992	0	0	0.0914776320645793	0	0.197263008328436	0	0	0	0.299272149050561	0	0	0	0	0.0824976561678532	0.00225593233952645	0	0	0.0338197069064327	0.0141995324355571	0.139382335108346	0	0	0.373183667137442	0.975231051905485
GSM1315702	0.00797379713844126	0.141038412906502	0	0	0.179880685012468	0.0429283328631504	0.131594631702466	0	0	0	0.202410182861626	0.00314075741091632	0	0.00221908189920092	0	0.122014541774715	0	0	0	0.0123985845844047	0.0171777508592306	0.132415709839268	0.0048075311476113	0.001	0.318457493552514	1.00972730148508
GSM1315703	0.00907886354643504	0.106575906611905	0	0	0.216286717935497	0	0.0658707535878314	0	0	0	0.221553124703702	0	0	0	0	0.184819970724528	0	0	0	0.0268851375158892	0.0241037440543366	0.144825781319876	0	0.001	0.364951535037455	0.985724753191943
GSM1315706	0.0132214761951188	0.196640467620539	0	0	0.0604152489730824	0	0.182126632894221	0	0	0	0.280036010062971	0.000598240384557676	0	0	0	0.062563730091387	0.00876512890100775	0.00810582783502288	0	0.0714370571536991	0.0125980974359825	0.103492082452411	0	0.002	0.264106801250699	1.02953234338801
GSM1315737	0.019830419076736	0.127218992127093	0	0.0179881602756753	0	0.0132513678250238	0.0726938341794068	0	0.211276945809909	0	0.234803407052543	0	0	0	0	0.0670587834682526	0.00605556121854836	0	0	0.0400356855838212	0.00604085466726418	0.183745988715727	0	0	0.614317652578781	0.794529138903753
GSM1315740	0.00208266823029434	0.0994977959274411	0	0	0.153030906367541	0	0.239239662364128	0	0	0	0.243879407213736	0	0	0	0.00224470864422877	0.0987467216533143	0.00622934777508086	0	0	0.0734839289964973	0.00351024870257493	0.0780546041251638	0	0.01	0.167711377698006	1.08056356651123
GSM1315741	0.00641184761130724	0.141240114321559	0	0	0.176707122396485	0	0.125781482898971	0	0	0	0.243317622441571	0.00305218371939508	0	0	0.000996517583166963	0.145884987097619	0	0	0	0.0198278998550953	0.022365457323267	0.114414764751563	0	0.002	0.297612494282091	1.01591990173516
GSM1315742	0.0124840188975806	0.167975728226747	0	0	0.18644334685392	0	0.177214436925292	0	0	0	0.268767181661004	0.00707794592483402	0	0	0.0123547216813016	0.0328860002148073	0.0071535693412342	0.00189395511622591	0	0.0396078799492266	0.00978158759960508	0.0763596276082209	0	0.003	0.23592157071708	1.0378774322035
GSM1315743	0.0164637539797806	0.156336234883659	0	0	0.0437773725170234	0	0.137239258950658	0	0	0	0.33897578542612	0	0	0	0	0.0737486646388275	0.00611708802222359	0	0	0.0487809770335818	0.00751843169634445	0.171042432851782	0	0	0.425457935112684	0.94842515900709
GSM1315744	0.0127395398688374	0.169007348546455	0	0	0.106194317538874	0	0.181545738008352	0	0	0	0.296712057535404	0	0	0	0	0.0556463520033015	0.00255129721923124	0	0	0.0426367271366608	0.0125075266795352	0.120459095463349	0	0.001	0.319235172250702	1.00244947176481
GSM1315746	0.004626640197945	0.114526853090002	0	0	0.210371684786696	0.00771738918439942	0.150600045497739	0	0	0	0.265623189797564	0.00638812644686073	0	0	0.00389671343313248	0.0508202155465619	0	0	0	0.0260145676627842	0.0146112156942655	0.14480335866205	0	0.001	0.350586015159337	0.992433986732318
GSM1315747	0.0129692401079243	0.106958504554648	0	0	0.191872830196202	0.0342993211958487	0.0503432858089574	0	0	0	0.246932214809433	0	0	0	0	0.154139605224018	0	0	0	0.0537450122111226	0.0155897142837161	0.13315027160813	0	0.001	0.350825499003317	0.987900883892923
GSM1315748	0.00707454472115366	0.130025122162536	0	0	0.174090857838069	0	0.148119327259032	0	0	0	0.235371742240549	0.00264768587485865	0	0	0	0.133463097266627	0	0	0	0.0397034009765228	0.00759706058915444	0.120629827020063	0.00127733405143386	0.001	0.323815902574314	1.00129597158962
GSM1315749	0.0135512646065435	0.161192836843063	0	0	0.122443029643722	0	0.150055071947389	0	0	0	0.254012364378551	0	0	0	0	0.125661891421931	0	0	0	0.0431695608477699	0.0250671073232193	0.104846872987812	0	0.002	0.268312448555062	1.03107975359573
GSM1315750	0.00977223835708744	0.155285350814656	0	0	0.149393819784373	0	0.178587912684763	0	0	0	0.261918901993022	0	0	0	0	0.074521834828273	0.00463927783533387	0	0	0.0517189853696708	0.0102311592479969	0.103930519084824	0	0.002	0.278764521290057	1.02186134019887
GSM1315752	0.0139466016701138	0.153901667854112	0	0	0.0647769035084476	0.00547353016784824	0.209002038926666	0	0	0	0.294951685128969	0.000733479218062017	0	0	0	0.0788676774712466	0	0	0	0.0394069498582402	0.0200904821096576	0.118848984086637	0	0.002	0.308403930701921	1.01206510750978
GSM1315753	0.0194942665293478	0.150066251726131	0	0	0	0.0284937463245848	0.158194003123672	0	0.0909268361554489	0	0.273008045944141	0	0	0	0	0.0464643276222792	0	0	0	0.0377223982988101	0.0321725983113534	0.163457525964232	0	0	0.405245783472434	0.960247162642802
GSM1315754	0.00892406683050007	0.168903828706479	0	0	0.236448192323704	0	0.141514200993972	0	0	0	0.259136520634936	0.00293571371251924	0	0	0.000563498106930294	0.0364446696356932	0	0	0	0.0445591425696301	0.0155090771135047	0.0850610893721317	0	0.003	0.214949580744655	1.05047682942998
GSM1315755	0.00533347539595882	0.139085408444553	0	0	0.131415074544195	0	0.129694761192227	0	0	0	0.220437093017268	0	0	0	0	0.191102116799959	0	0	0	0.0394764679991057	0.0185321257286143	0.12492347687812	0	0.002	0.30983679784601	1.01278137914936
GSM1315756	0.013355522621865	0.157671589666815	0	0	0.0943338644256658	0.00316055941055492	0.184970866460127	0	0	0	0.275238952832238	0	0	0	0	0.102755822112021	0.00333288630182257	0.00183128339053533	0	0.0252292206533295	0.021782193649435	0.116337238475592	0	0.002	0.306780568718419	1.01205732312217
GSM1315757	0.014272343103738	0.109303457854159	0	0.0117126601776935	0	0	0.103679383962746	0	0.210380924524812	0	0.256977612683681	0	0	0.000334181226013688	0	0.118839101317172	0	0	0	0.0515287601090807	0.0154431377197863	0.107528437321118	0	0	0.388623476563129	0.94739182287613
GSM1315758	0.00969798554857222	0.190979535263346	0	0	0.0571277577216427	0	0.169479845454336	0	0	0	0.201529407664923	0.00613560341700065	0	0	0	0.206801414130891	0.013232932924248	0	0	0.0230681140442633	0.00415652378660721	0.11779088004417	0	0.002	0.286378539375838	1.02651981729482
GSM1315759	0.0111818159794952	0.156372047879978	0	0	0.143575661316307	0	0.165688823937668	0	0	0	0.239940967018226	0.00434008457083014	0	0	0.00187423336040817	0.0984564377150514	0	0	0	0.0049742375609506	0.0300849884376733	0.143510702223411	0	0.001	0.351578786608145	0.994425061274224
GSM1315760	0.017000540363369	0.169061260412149	0	0.0116922693246804	0.0686136453849708	0.000486647889336398	0.144734529411489	0	0	0	0.254525959591838	0	0	0	0	0.0946205329549797	0	0	0	0.0484003066486299	0.0371478787892488	0.153716429229309	0	0.001	0.338556473782506	1.00770702448542
GSM1315761	0.0122554739289507	0.169742084493446	0	0	0.0552801429255873	0	0.208584100090512	0	0	0	0.273918414940517	0	0	0	0	0.0931134157993073	0.0179416271704813	0.00133762214599655	0	0.0420832889696794	7.89093430310065e-06	0.125735938601219	0	0.001	0.326986024835252	1.0010035944937
GSM1315762	0.0144077224511454	0.144153653520824	0	0	0.182171954007652	0.0285103596137527	0.0830545719675994	0	0	0	0.272191833518763	0	0	0	0	0.0662408446760986	0	0	0	0.0529716275671106	0.0198663648019673	0.136431067875087	0	0.001	0.35413340862771	0.985057526885959
GSM1315763	0.0123306706641069	0.158707747881967	0	0	0.126239185091493	0	0.143658160550399	0	0	0	0.265882053409768	0	0	0	0	0.097754890450042	0	0	0	0.0216023104424434	0.0211169723734931	0.152708009136289	0	0	0.386670574478263	0.971416373436854
GSM1315764	0.00929958353627329	0.12886982406414	0	0	0.0412384471401443	0.00159565290462679	0.226218326651961	0	0	0	0.271494358726954	0	0	0	0	0.118836374480667	0.00318681846864578	0	0	0.0250234632429683	0.013062388468415	0.161174762315205	0	0	0.385634790220699	0.978625991517325
GSM1315765	0.00771890404645241	0.144147620669853	0	0	0.0901608858093971	0	0.207051522398933	0	0	0	0.297515678361418	0	0	0	0	0.0920467793993714	0	0	0	0.0314264486504974	0.0129249735196096	0.117007187144468	0	0.001	0.326396137434283	0.998528522860183
GSM1315766	0.0115914219902624	0.153331128034813	0	0	0.0409301172347302	0	0.247090774666699	0	0	0	0.297914366623361	0.00609682994703798	0	0	0	0.0566414428426267	0.00350359165355113	0.00120521164309193	0	0.0198599485025278	0.0149943978543613	0.146840769006937	0	0.001	0.353679061771812	0.994062618673557
GSM1315769	0.0190924161604437	0.0889221846571108	0	0.00111137076243651	0	0.00276906296666703	0.140318095278314	0	0.140523556891547	0	0.255072803021591	0	0	0	0	0.127131186520564	0	0	0	0.0127972750866748	0.0329135410608811	0.17934850759377	0	0	0.483129873919525	0.910065842546605
GSM1315770	0.0110389445594116	0.0866560575796589	0	0.0182951024802412	0	0	0.0977163425548588	0	0.124681032100785	0	0.213169045341561	0.00154658355177845	0	0	0	0.259289917795078	0.000452208802257297	0	0.000269062473326993	0.0319339351912001	0.0183040191824642	0.136647748387379	0	0	0.36931868342845	0.977048738366156
GSM1315771	0.0199538526006943	0.159448618144244	0	0	0	0.00555903844411055	0.115292218003457	0	0.0360595720597257	0	0.338840177810855	0.0100098850032057	0	0	0	0.0874860508953104	0	0	0	0.052227449057684	0.0254595371397659	0.149663600840948	0	0	0.375834249008165	0.976175356141682
GSM1315773	0.0182916196311648	0.123264590278293	0	0	0	0	0.0886904395121324	0	0.135260542636575	0	0.238938793538917	0	0	0.00177573648034371	0	0.182490963570101	0	0	0	0.0123157282120208	0.0237190051126637	0.175252581027789	0	0	0.443049182562348	0.937873729849829
GSM1315775	0.0103332709493419	0.138765528316387	0	0	0.0667365000729266	0	0.156032807026892	0	0	0	0.298638354799894	0	0	0	0	0.125311885368868	0.0018296808275725	0	0	0.0286494632688251	0.0123302949783014	0.161372214390992	0	0	0.371739022141292	0.985852826146522
GSM1315776	0.00753937827965318	0.162440113004248	0	0.000368506664368567	0.225173863559554	0.00756380734631297	0.108734091011467	0	0	0	0.258423856821943	0.0118064227453076	0	0	0	0.0634681395594246	0.0101248194397684	0	0	0.0200441113219698	0.0308771121545394	0.0934357780914428	0	0.002	0.276965593137216	1.01860381812813
GSM1315777	0.0080216940908473	0.122397357346121	0	0	0.144001008209473	0	0.156228875960733	0	0	0	0.220825962718686	0	0	0	0	0.192675451344175	0	0.00030015352146964	0	0.0213240265112916	0.0372777253445574	0.0969477449526467	0	0.003	0.239645403718138	1.04962243575372
GSM1315778	0.00838555013552318	0.106048787321104	0	0	0.147076272121637	0	0.13086937844588	0	0	0	0.24738134092621	0	0	0	0	0.176733685949294	0	0	0	0.0223791218588834	0.0144813243197192	0.146644538921749	0	0	0.392035002007298	0.967238304580698
GSM1315788	0.0194677117697968	0.171068117993445	0	0	0.139822943681606	0	0.145001450098692	0	0	0	0.255052335888911	0	0	0	0	0.0515123512212781	0	0	0	0.0620343706496889	0.0363534741269469	0.119687244569635	0	0.002	0.292556329275928	1.02180880539703
GSM1315789	0.0206995694213349	0.134611233971248	0	0	0	0.0110256130961474	0.0742291384128226	0	0.0556977397255429	0	0.224555986231347	0	0	0	0	0.228587830875603	0	0	0	0.0364155125281191	0.0445999882525969	0.169577387485238	0	0	0.389402096682265	0.981177038198527
GSM1315790	0.0105830662733625	0.142824858961273	0	0	0.147539034447498	0	0.18248521372808	0	0	0	0.31344395176678	0	0	0	0	0.0237209842337976	0	0	0	0.0434625240642851	0.0237658217075827	0.112174544817342	0	0.002	0.294603305675475	1.01496169653317
GSM3427949	0.00989994967000753	0.175485682676631	0	0	0.109835421834879	0	0.195303280445025	0	0	0	0.236902811143406	0	0	0	0	0.0809537280620744	0.000292458174078825	0	0	0.0342941197541172	0.0194957607965398	0.137536787443241	0	0.002	0.311405830528737	1.01623584724898
GSM3427950	0.0066610478653539	0.178492618596456	0	0	0.243103624632364	0	0.0733969581972602	0	0	0	0.300026655885451	0	0	0	0.00653911730079696	0	0.00264527353399963	0.00590285926923271	0.00878085851461466	0.125964341380692	0.0025894302748497	0.0458972145489295	0	0.02	0.146258460842582	1.06640657341696
GSM3427951	0.0200403935069547	0.113135514877127	0	0.010525515911107	0	0.0234312427098998	0.0744340716100536	0	0.242935860817473	0	0.23088839461075	0	0	0.00274935776586805	0	0.0714020067575026	0	0	0	0.0265978115453848	0.0159940824375298	0.167865747450349	0	0	0.550582515814937	0.845972609272829
GSM3427952	0.011231906226346	0.162284903935205	0	0.0195550882916454	0.137168245213976	0	0.140905235569663	0	0	0	0.276851826223156	0	0	0	0	0.0462970828824767	0.00429389041565226	0	0	0.121011682767618	0.00600029058280698	0.0743998478914546	0	0.004	0.211158169967843	1.0480345524463
GSM3427953	0.0166978590883106	0.15137359152685	0	0	0.153306858609479	0.0132545008532119	0.14965355166073	0	0	0	0.273778439357054	0	0	0	0	0.057244060076334	0.00417697026067582	0	0	0.0231176523327289	0.0123788289332189	0.145017687301407	0	0	0.38163875825245	0.971500226805135
GSM3427954	0	0.215278071617068	0	0	0.183101622027714	0	0.0832043938535692	0	0	0	0.250719822351677	0.0125257319936519	0	0	0.00349612360635688	0.0785208447398018	0.0295459549659597	0.0102228396411402	0	0.0894519871050747	0.000349253504084268	0.0435833545939028	0	0.011	0.160517891899488	1.06080640996065
GSM3427955	0.0102099685855287	0.144643101918614	0	0	0.0916746819450977	0.020258732834116	0.172537708999169	0	0	0	0.253072561670715	0	0	0	0	0.08474490185015	0.00343577052304414	0	0	0.0342651504393056	0.0161375222349119	0.169019898999349	0	0	0.404196326729711	0.965357976995064
GSM3427956	0	0.247497363693506	0	0	0.14846170194813	0	0.0886692829422128	0	0	0	0.272880404469174	0.00948225239057427	0	0.00106975122230862	0.0202285476455267	0.0823412493995696	0.034598508721967	0.00971552865009775	0	0.0578098543629847	0	0.0260290546916663	0.00121649986228151	0.012	0.15659919045618	1.0590426122143
GSM3427957	0.0110202359183487	0.130165196477596	0	0	0.0839116046947321	0	0.156335305625135	0	0	0	0.270202481416171	0	0	0	0	0.1685143178939	0	0.00150506296372309	0	0.0203578421833041	0.0337970371007799	0.123966711757214	0.000224203969095679	0.001	0.330284404694019	1.00222211397083
GSM3427958	0.00292175177106697	0.169450241344728	0	0	0.219438970243948	0	0.111117763309471	0	0	0	0.288122455985877	0.00948142581504675	0	0.00207647224739211	0.03123226473143	0	0.00793501564232662	0.00242972614295911	0	0.0797187879248827	0.00574723839849056	0.0401186314835047	0.0302092549588768	0.01	0.172030857814437	1.05556020549131
GSM3427959	0.0105994004253969	0.164431216453801	0	0.00269336031641739	0.211888857713548	0	0.0767787922444517	0	0	0	0.321312791277353	0	0	0	0.000161016496626946	0.0151242811008736	0.00238904464541687	0.00197843954878751	0	0.143941455595223	0.00187589075311202	0.0394134449198697	0.00741200850912231	0.013	0.154607593648362	1.06333132954355
GSM3427960	0.0171281842397317	0.182651411650501	0	0	0.187669515617111	0	0.0639679072567827	0	0	0	0.317306736662281	0.000396292831030573	0	0	0.0095159730347156	0.0261553148008248	0.00230678650561623	0.00237629021425285	0	0.127763347248095	0.00190841003235516	0.0353241702239085	0.0255296596827943	0.01	0.164602022320388	1.05925059593377
GSM3427961	0.00993971770290004	0.152383595203394	0	0	0.212230052361658	0	0.179641979814937	0	0	0	0.230973351857234	0.00819190165298917	0	0	0.00270966632336036	0.037396684657938	0	0.00111843293270812	0	0.00694269655447821	0.0109315687389242	0.147540352199479	0	0	0.37288145374624	0.979558619699338
GSM3427962	0.00652567131784229	0.174775341467696	0	0	0.249306912037512	0	0.0950608104615584	0	0	0	0.263426263926193	0.00390662803053429	0	0	0.0147432863804548	0	0	0.0108848088520032	0.0108745841319449	0.119325418506188	0.00374395573038238	0.044945069937348	0.0024812492203424	0.00900000000000001	0.173482610285025	1.0538097104218
GSM3427963	0.0123630416934803	0.131072201761077	0	0	0	0	0.168433156441297	0	0.00221663537960569	0	0.303303598074511	0.0121696633548952	0	0	0	0.173811081604622	0	0.0135979304555854	0.000901448291608468	0.0187523064223186	0.0231009957699775	0.140277940751021	0	0.002	0.287834210112328	1.03904483427347
GSM3427964	0.00743343087964933	0.175875191596173	0	0	0.118080438366622	0	0.174502158914907	0	0	0	0.292883342797725	0.00163117303821842	0	0	0	0	0.0186838468962918	0	0	0.143454871074806	0.00438451589266968	0.0546494751623792	0.00842155538055815	0.00800000000000001	0.181641731547807	1.05551517492111
GSM3427965	0.0146110984163992	0.131977820690886	0	0	0.0371501092104464	0	0.127955539319884	0	0	0	0.25762268332699	0.0044246519901328	0	0	0	0.240061115993858	0	0	0	0.0100929658291354	0.0249878911661236	0.151116124056144	0	0.001	0.332274179297209	1.0150992905998
GSM3427966	0.00559014042994842	0.178191634847804	0	0	0.276793320195282	0	0.0343958671372512	0	0	0	0.375286034602394	0.0142701154027205	0	0.00210623800780512	0.0114073997732551	0	0.0180667972646013	0.0158072792436318	0	0.0155793294642593	0.00531100167816505	0.0451677750085897	0.00202706694429281	0.011	0.161549764365445	1.06128662093976
GSM3427967	0.0140392623666985	0.131702336325703	0	0	0.0201729727217629	0	0.10083245349947	0	0	0	0.268591509993459	0.000835170846183462	0	0	0	0.272004106777314	0.000924397697574363	0.000516907487496454	0	0.0208632125735197	0.014623054009195	0.154894615701624	0	0	0.385465706900732	0.977498542096797
GSM3427968	0.0127344306644209	0.205351070471047	0	0	0.234191809222736	0	0.0459499889000202	0	0	0	0.286930215147314	0.0083097721856257	0	0	0.00516969427607158	0	0.00550862194807914	0.0166640509494589	0	0.136071545813051	0.00295450314915754	0.0401642972730177	0	0.00800000000000001	0.180597555783138	1.04933291043244
GSM3427969	0.00713550786873683	0.103661324615129	0	0	0.160733885409334	0	0.156460984218514	0	0	0	0.232853074983181	0	0	0	0	0.166366427875625	0	0	0	0.0217651381538254	0.0118864736346048	0.139137183241051	0	0	0.374071413010465	0.977282722625681
GSM3427970	0.00949271625830158	0.14522330500009	0	0	0.130995171459227	0	0.168533889830726	0	0	0	0.287943328821446	0	0	0	0	0.0684534044814542	0	0	0	0.0314218604921435	0.00778549115532547	0.150150832501287	0	0	0.396102766498785	0.962131434357486
GSM3427971	0.0135169884539814	0.077176998149988	0	0	0	0.00297780875899484	0.0847413603895176	0	0.144929438506559	0	0.170933100965777	0	0	0.0109528155533841	0	0.302212929079178	0	0	0	0.0300231225768759	0.0132834378548759	0.149251999710868	0	0	0.43356673582394	0.93685811866153
GSM3427972	0.00785372866247182	0.182113164979492	0	0	0.232852393848066	0	0.0828557391895331	0	0	0	0.307440268004068	0	0	0	0	0	0.00499119378604192	0.00163281605472934	0	0.134545095401956	0.00307403551961644	0.0426415645540256	0	0.011	0.161361411639538	1.05908128634815
GSM3427973	0.0137077676997402	0.147202591966541	0	0	0.0922907322619901	0	0.179588590561234	0	0	0	0.277022943518097	0	0	0	0	0.0716203524522391	0.00076786523906797	0	0	0.0437764721211404	0.00380880386640856	0.170213880313541	0	0	0.456009537656603	0.926436014168087
GSM3427974	0.00721484555830886	0.174931101872788	0	0	0.217279030124281	0	0.0895521768918622	0	0	0	0.234822108095416	0.00542167524565611	0	0	0	0.110033467110463	0.0110762176205868	0.0020458324949568	0	0.0626858683695724	0.00479638081202481	0.0801412958040852	0	0.003	0.230188189552618	1.03912475659378
GSM3427975	0.0153795049064968	0.0653958993948087	0	0	0	0	0.114015382366039	0	0.196189325850098	0	0.218679555694248	0.000222753854322013	0	0.00719788528760109	0	0.200614280166078	0	0	0	0.0186148876687556	0.00842426061189675	0.155266264199657	0	0	0.44882034773149	0.924992512959744
GSM3427976	0.00714347527519874	0.219875128163125	0	0	0.215592891650936	0	0.0934869617735796	0	0	0	0.270380193446523	0.0169617086805885	0	0.00859148905547346	0.0231477251805042	0.0376708392103835	0.0208686715788983	0.00868676215589525	0	0.0281787191129025	0	0.0407354416336534	0.0086799930823384	0.00900000000000001	0.178320817305974	1.05471602589907
GSM3427977	0.00274075439848961	0.124785139666043	0	0	0.218000115890221	0	0.192947455594814	0	0	0	0.243043505171766	0.00714893147323366	0	0	0.0046198203082283	0.0628305410096599	0	0.00978976019377334	0	0.0405265984987735	0.0148071053008359	0.0729239742583323	0.00583629823582945	0.004	0.199822343192377	1.05771647023454
GSM3427978	0.00625545417616034	0.160872123135405	0	0	0.230869495363517	0	0.0987848203911012	0	0	0	0.292031924773389	0	0	0	0.00858059558579331	0.0297262490069585	0.0030229725108997	0.00277471379133744	0.00211590019957923	0.111243046539597	0.00385227650874145	0.0466187084057383	0.00325171961178359	0.00900000000000001	0.178321086043501	1.05350175442936
GSM3427979	0.0147199022356927	0.123431599199328	0	0.0140781513368124	0	0	0.157980321498401	0	0.137830618581082	0	0.28440103183332	0	0	0	0	0.0699319428964354	0	0	0	0.0220699135268308	0.0138706399797769	0.16168587891232	0	0	0.506777970314858	0.881129811878226
GSM3427980	0.00668461773517015	0.192865347484944	0	0	0.318647203112718	0	0.0419487919102284	0	0	0	0.27479591365803	0.0056390162209945	0	0	0.0067440141883376	0	0.00443386809270558	0.00588193876340641	0	0.0747446380971037	0.00234808580278032	0.0552253233824839	0.0100412415510974	0.00800000000000001	0.182354363087749	1.05297703366736
GSM3427981	0.0121677420878283	0.137981955787704	0	0	0.1922968734773	0	0.181697978069855	0	0	0	0.229743295810662	0.00300811746689545	0	0	0	0.0648787554908119	0	0	0	0.0278906007572821	0.015380082066383	0.134954598985278	0	0	0.376238879697611	0.972974078856864
GSM3427982	0.00729260303437629	0.177270603274681	0	0	0.268937921210333	0	0.137766411674428	0	0	0	0.224992032560465	0	0	0	0	0.0295655259727412	0.00586370405940227	0	0	0.0755399311529397	0.0055409892138896	0.061630903426027	0.00559937442071661	0.004	0.208587368726915	1.04439041294484
GSM3427983	0.00923425953428458	0.138802036431055	0	0	0.15496061214711	0	0.117371522577257	0	0	0	0.2427898971106	0.00458339161120711	0	0	0	0.164657984360329	0	0	0	0.0100576977917658	0.0195057060350655	0.138036892401326	0	0.001	0.340178631034725	0.999028968283601
GSM3427984	0.0150944603635216	0.167079643779111	0	0	0.234318476941452	0	0.11098598177905	0	0	0	0.308833791740896	0.00580755889785614	0	0	0.00423134689170258	0	0.00382247196413502	0.00174060452340533	0.00243606008295384	0.0960672109638627	0.00311948321881585	0.0464629088532385	0	0.01	0.166586745951559	1.06227062866731
GSM3427985	0.00869850900110901	0.130255621315158	0	0	0.190937503786295	0	0.123925356367744	0	0	0	0.173985645303598	0.00589554699883662	0	0	0	0.194053522005118	0	0.00384903663987158	0	0.0193065723187495	0.0229109488100683	0.126181737453451	0	0.002	0.311112015986635	1.01574393280281
GSM3427986	0.00208294857549987	0.156775283403587	0	0	0.189238499225541	0	0.021551121072441	0	0	0	0.115375725053191	0.010033455101371	0	0.00503985807945128	0.0135579797260008	0.360802756791303	0.0252591369653168	0.0142262115033952	0	0.0493681531765262	0.00330548976735804	0.028846668839856	0.00453671271916012	0.00600000000000001	0.189132661705541	1.05509398278642
GSM3427987	0.0108770686900172	0.149969834645129	0	0	0.130742496430316	0	0.150062004890668	0	0	0	0.229892660796344	0	0	0	0	0.153201296129196	0.000564130374827509	0.00205900710484863	0	0.0295636916648431	0.0143758847267383	0.128691924547073	0	0.001	0.342352090085797	0.993448324266253
GSM3427988	0.00951017001077095	0.148505549693222	0	0	0.154022511847816	0	0.155948767111364	0	0	0	0.259035955545229	0	0	0	0	0.114342283789018	0.00159061411792092	0	0	0.0507416136424985	0.0105164251744816	0.095786109067679	0	0.002	0.263810407037823	1.02862355788236
GSM3427989	0.00576197052512928	0.145226701095004	0	0.00228845443986427	0.14222499531027	0	0.16657607938338	0	0	0	0.220130422738807	0.000975067983852896	0	0	0	0.141647488689315	0	0.000112305849731652	0	0.0273470656571543	0.01194230037048	0.135767147957013	0	0.002	0.297051170554633	1.02573361652001
GSM3427990	0	0.25779050457861	0	0	0.186257439552679	0	0.0226485173163432	0	0	0	0.274133254266166	0.00800002602187881	0	0	0.0219024684990416	0.0639560020670794	0.0337168399701492	0.0111346373718357	0	0.0898144547774216	0	0.0306458555787957	0	0.011	0.163483404588135	1.05247230902925
GSM3427991	0.0109586436781858	0.146073686918639	0	0	0.137273066236714	0	0.140707914365719	0	0	0	0.238947759204856	0.00323503592531485	0	0	0	0.140043619503112	0	0	0	0.00865908403820034	0.0248605434604903	0.149240646668768	0	0.001	0.357945807221169	0.99244016316052
GSM3427992	0.00381944288303838	0.270243484722305	0	0	0.111540218069235	0	0.0265748016274508	0	0	0	0.243085788794728	0.00453562777337623	0	0	0.0140083384237314	0.105273362178922	0.0353066643994161	0.0124948546416066	0	0.15174191886202	0.0026488980667127	0.0187265995574573	0	0.02	0.14740837600091	1.05951601962049
GSM3427993	0.00697354678524419	0.126955902008549	0	0	0.208266969776059	0	0.1576032776899	0	0	0	0.197862732262485	0.00652262487548746	0	0	0.00808891623189824	0.126532510279833	0	0	0	0.0100993595446318	0.0178837447303137	0.1332104158156	0	0.002	0.307475905969164	1.02026855454659
GSM3427994	0.00185636537009195	0.2088415367016	0	0	0.220292378342535	0	0.0820629301140499	0	0	0	0.254585798329271	0.0185042812628613	0	0.00290404006491618	0.0260307520255082	0.0597633403711662	0.023603059875175	0.0113511757337965	0	0.0416498895083213	0.00274839011679498	0.0387071678225637	0.00709889436135005	0.00700000000000001	0.188426997706658	1.04762690869283
GSM3427995	0.0175652142669064	0.0840544121454446	0	0.0148485417777462	0	0	0.133437829471934	0	0.0995589631025007	0	0.170985751226124	0.00193902632339451	0	0	0	0.275149026015885	0	0	0	0.0333831270712348	0.0179838822423453	0.151094226356484	0	0	0.400816886527825	0.965249167809639
GSM3427996	0.00763623225973495	0.186353442818123	0	0	0.170788418633806	0	0.160961720559608	0	0	0	0.287089778853379	0	0	0	0	0	0	0	0	0.151682083076129	0.00480857908022985	0.0306797447189903	0	0.023	0.143454644156048	1.06772438320343
GSM3427997	0.00402077441219363	0.0922940368695443	0	0	0.208291921564344	0	0.131511664463941	0	0	0	0.154743762917122	0.00948458639201352	0	0	0.0145582260606174	0.253272197783276	0	0.00566936809080507	0	0.0154899065001974	0.0165400011439918	0.0922864300696924	0.00183712373226119	0.003	0.223593151165106	1.05950283707664
GSM3427998	0.0114897611391556	0.154535977791311	0	0	0.0842872192461505	0	0.160472496457287	0	0	0	0.245393591065727	0	0	0	0	0.131639807357666	0	0	0	0.0366349902112242	0.0110422730152791	0.1645038837162	0	0	0.409454768946271	0.960224065448043
GSM3427999	0.00553028531857659	0.237358659800985	0	0	0.198759293601348	0	0.125279282911999	0	0	0	0.24387351685946	0.00410415720243227	0	0	0.0256912349628889	0.011667619700759	0.0133291304011326	0.0101924575554571	0	0.0871461121728019	0.00305202635727222	0.034016223154888	0	0.013	0.155159793237977	1.06168409006916
GSM3428000	0.0153326910854257	0.196744134284322	0	0	0	0	0.131920739177503	0	0	0	0.337673110521888	0	0	0	0	0.120840505073314	0	0	0	0.0231447755868223	0.0205809048590415	0.153763139411683	0	0	0.374023724933864	0.979562906204144
GSM3428001	0.00393264973912157	0.155037271678056	0	0	0.179064953339425	0	0.127951824636671	0	0	0	0.254840591157483	0.00408966535917144	0	0	0.0013933582682875	0.130108080770709	0.00371681004390913	0	0	0.06635174725566	0.00628160301076463	0.0672314447407422	0	0.004	0.198412153595349	1.05400846404239
GSM3428002	0.0154868838232355	0.116342429600107	0	0.0158665693191855	0	0.0312148435835664	0.125448369428352	0	0.165539480379076	0	0.252762226649296	0	0	0	0	0.0544919980275291	0	0	0	0.0413239850631194	0.0221539778476886	0.159369236278845	0	0	0.454748383284185	0.91903620914598
GSM3428003	0.000401225913589441	0.198316252211025	0	0	0.229002151782766	0	0.0858270037877982	0	0	0	0.266486550881159	0	0	0	0	0	0.0150700773367792	0	0	0.14679792665906	0.00313766603495227	0.0549611453928705	0	0.01	0.171992052636145	1.05471228655564
GSM1624280	0.00376873521779644	0.155680927793552	0	0	0.231036392177801	0	0.159261711518305	0	0	0	0.216982394343917	0.0191419643617186	0	0	0.00627457115807874	0.0733311861650436	0.00205512090617578	0	0	0.0252207276482199	0.0191508336539678	0.0790030833850279	0.00909235167039685	0.00800000000000001	0.181292880882607	1.07029525539079
GSM1624281	0.0120679013737457	0.15540371228249	0	0.00447532881732893	0.253877346888545	0	0.0963813924291064	0	0	0	0.254049742620769	0.00999940485089816	0	0	0	0.0104366103344249	0	0.0151189499856476	0	0.145978267129719	0.00161931849342467	0.0405920247938998	0	0.00700000000000001	0.187248259568276	1.0498452810387
GSM1624282	0.00422881664302023	0.115371461782483	0	0	0.298827052033871	0	0.0983996036241703	0	0	0	0.180661519520155	0.00459260332161059	0	0	0	0.14831121765506	0.00211058425781163	0	0	0.0255789018268347	0.017878560905119	0.104039678429864	0	0.002	0.267326054153141	1.0320215996458
GSM1624283	0.00158269169895803	0.162417242879971	0	0	0.247610740560692	0	0.166156469511981	0	0	0	0.250004158854403	0.00868738617943135	0	0	0.0146085171450751	0	0.000380203416068014	0	0	0.10179687827087	0.00329434793042123	0.0434613635521296	0	0.00800000000000001	0.180789198975944	1.05296896635878
GSM1624284	0.00621817437263604	0.143254659018356	0	0	0.283103713129512	0	0.0439203207208944	0.00985378644412719	0	0	0.233824516849657	0.0108531833698568	0	0	0	0.122045717544924	0.00526768274752957	0	0	0.0184457000915414	0.0106031347016228	0.106747493848177	0.00586191716116659	0.003	0.244203002034623	1.04390368324341
GSM1624285	0.00415948724052402	0.188594753300441	0	0	0.23542203849328	0	0.152707094249229	0	0	0	0.24602773953949	0.00351561151047717	0	0	0	0	0.00654252142181217	0.00141056190392103	0	0.120964529016882	0.00214661544846845	0.0385090478754746	0	0.00900000000000001	0.17666787020433	1.05212484241318
GSM1624286	0.0103352521772957	0.184178453218542	0	0	0.253136846346085	0	0.111794184551671	0.00162965513116678	0	0	0.190471142089584	0.00294813463612722	0	0	0	0.0778370952849975	0	0	0	0.0455340396370511	0.0155321101764782	0.106603086751	0	0.003	0.239377178903285	1.04643711212658
GSM1624287	0.0117816836919486	0.157954118810012	0	0	0.267004852875607	0	0.0685270512163391	0	0	0	0.277391001411873	0.00089946341760684	0	0	0	0	0	0	0	0.169285230652045	0.00188169937528209	0.0452748985492858	0	0.012	0.156919153580468	1.06460423617307
GSM1624288	0.00182983087136944	0.161182083016027	0	0	0.222085214129163	0	0.146637841320245	0.00311184782761242	0	0	0.215513585097638	0.00616688571893703	0	0	0	0.119608848545929	0.0061104535430316	0	0	0.00954117608067096	0.00693248889799043	0.101279744951386	0	0.002	0.25924194572431	1.03262153586108
GSM1624289	0.00257292185617627	0.179175272197674	0	0	0.266406257865263	0	0.101506207126344	0	0	0	0.2594224826057	0.00879915201191637	0	0	0.0212327792425995	0.0305806436643809	0.012503854633949	0.00581177842092019	0	0.0592409652628747	0.00240514567867898	0.0503425394335237	0	0.00700000000000001	0.187829683507843	1.0508934868964
GSM1624290	0.00572664145644904	0.136218048471408	0	0	0.248142822081697	0	0.148174143482883	0	0	0	0.222037925096708	0.00583513544865666	0	0	0	0.0815541305786373	0	0	0	0.043601128660574	0.0188955585036189	0.0898144662193673	0	0.002	0.256850524374181	1.03050796040549
GSM1624291	0.00214605544400671	0.174344007983329	0	0	0.159510713189121	0	0.151604555623022	0	0	0	0.314800633692798	0.00187315138085399	0	0	0.0142071899635155	0.00305198669989431	0.0169715859307571	0.00272596595766168	0	0.131951641213415	0.00202618124383608	0.0247863316777887	0	0.012	0.1571364726143	1.05894551657829
GSM1624292	0.00397028303808147	0.135419347470386	0	0	0.288633698359892	0	0.0890723515808033	0	0	0	0.216380568045176	0	0	0	0	0.124201038920241	0	0	0	0.0349836578852034	0.0162272344297851	0.0911118202704317	0	0.003	0.244155058674403	1.03763150907548
GSM1624293	0.00778849437434634	0.172390090994587	0	0	0.287254232871775	0	0.0576927386982665	0	0	0	0.294068040326467	0.00321631981970684	0	0	0.00936319285592706	0.0160228715349369	0.00571827328918993	0.00517882299701707	0	0.0633623533256267	0.00750062849830942	0.064850456857065	0.00559348355677927	0.00600000000000001	0.190599669647169	1.05303886017403
GSM1624294	0.00842490918666537	0.151583262252396	0	0	0.289771031413472	0	0.142999170138913	0	0	0	0.20283062661719	0.000908329790372337	0	0	0	0.0311109689806125	0	0	0	0.0552172897376334	0.0167783026670598	0.100376109215685	0	0.002	0.253933520629152	1.03562684502425
GSM1624295	0.000580422300110934	0.166940960362643	0	0	0.287254643253513	0	0.158423074933029	0	0	0	0.234107460001332	0	0	0	0.000362604567638016	0.00355547061909715	0.00231542913235509	0	0	0.0683897678229506	0.0113771446693961	0.0666930223379354	0	0.00700000000000001	0.186139855434593	1.05685258743019
GSM1624296	0.010579123740384	0.129411845409261	0	0	0.238840844127524	0	0.137041555029549	0	0	0	0.20257110633822	0	0	0	0	0.111813056155048	0	0	0	0.0543574374272084	0.0158547660239756	0.0995302657488303	0	0.002	0.251977118490365	1.03893430815406
GSM1624297	0.00840254717391061	0.179570509972195	0	0	0.246554237578823	0	0.110522374476904	0	0	0	0.229434884418724	0	0	0	0	0.0466428116771687	0.0086755093540568	0	0	0.102357885475813	0.0051769762764151	0.0626622635959897	0	0.00800000000000001	0.182639997293459	1.05809094462126
GSM1624298	0.00643098983696911	0.158778873266903	0	0	0.250065857096422	0	0.162831384908344	0	0	0	0.230387885924686	0	0	0	0	0.0331857040892369	0	0	0	0.0473878815495759	0.0172351958766735	0.0936962274511899	0	0.002	0.251303226135811	1.03325537548795
GSM1624299	0.00460149488911718	0.1520249320757	0	0	0.235161524887768	0	0.165870425645102	0	0	0	0.273164919242773	0	0	0	0	0	0.0144556109245025	0.00876480684400937	0	0.0778424448749558	0.00461449403696519	0.0594016408639374	0.0040977057151693	0.004	0.212541519900777	1.0409806924357
GSM1624300	0.0121946756641518	0.168411111813713	0	0	0.223554499057973	0	0.174295370479548	0	0	0	0.239950264743868	0.00186887856897626	0	0	0	0.0205557583328643	0	0	0	0.0678871256004832	0.0169016946698352	0.074380621068587	0	0.005	0.196439488583949	1.05829749405604
GSM1624301	0.00567480559676236	0.209499081478964	0	0	0.266382272511787	0	0.101107479067341	0	0	0	0.243396319470126	0	0	0	0	0.0159953079600501	0.00493510102890274	0.00212690607835547	0	0.0823077990653842	0.00565737004583569	0.0629175576964906	0	0.00900000000000001	0.176553464539667	1.05847504430959
GSM1624302	0.011694741014102	0.14302618078734	0	0	0.147565639897662	0	0.148302370075228	0	0	0	0.214733492774995	0.00174036497254129	0	0	0.00141145304597727	0.153623577853662	0	0	0	0.0700667044801168	0.0262723075044436	0.0815631675939321	0	0.003	0.220995841234998	1.05153420869706
GSM1624303	0.000449279999340051	0.201420989739882	0	0	0.209846246868302	0	0.14184694978934	0	0	0	0.244972022221238	0.00901793335083396	0	0	0.0134850699463062	0.0273816337417228	0.0128537769850747	0.00661928995533127	0	0.0608538251427517	0.00651284116578838	0.0647401410940882	0	0.00600000000000001	0.191067986475591	1.05260274220064
GSM3293897	0.0100536616364143	0.18048794626426	0	0	0.252685327571627	0	0.0213833586159404	0	0	0	0.215456696227706	0.00600170988217484	0	0.00985942563086865	0.00596437213892987	0.161055951299852	0.0123634837761494	0	0	0.0182272032700734	0.00956385363123162	0.0907964858715242	0.00610052418324831	0.003	0.232874252838467	1.04393478178108
GSM3293898	0.0123757959515357	0.181088308875512	0	0	0.313659369346928	0	0.0204807695349963	0	0	0	0.23816723455327	0.013071700114563	0	0	0.0125196062828957	0.045459578738346	0.0207330404107623	0	0	0.0273502219936385	0.00934971071724167	0.0980986081794354	0.00764605530087478	0.003	0.246707129812719	1.03825906330508
GSM3293909	0.0191087259788289	0.0859849649775476	0	0.00200350543176632	0	0.0220345468557702	0.0993247474905973	0.00196390916370257	0.220503128238503	0	0.156904016955163	0	0	0	0	0.184974893049541	0	0	0	0.0356547533191003	0.0188845376798991	0.15265827085958	0	0	0.495453476624674	0.888336311583716
GSM3293910	0.0183111535433783	0.0671619069444752	0	0	0	0	0.0114087647531214	0	0.207039881489927	0	0.213347374140009	0.00230994275358647	0	0	0	0.269513331426529	0	0	0	0.0178439000408192	0.0218115321990285	0.171252212709126	0	0	0.564964263684139	0.837780651334676
GSM3293911	0.0205629328392907	0.0854314846335029	0	0	0	0.0315172203168373	0.0609354237517318	0.00381727596825269	0.262942313010795	0	0.178294118142663	0	0	0	0	0.137452179105211	0.00240564758520334	0	0	0.0341243019541777	0.00969475733150868	0.172822345360825	0	0	0.589333121233434	0.81515221421175
GSM3293912	0.0222310050441545	0.132495305503061	0	0.00312661847425524	0	0.0114242036013178	0.177250535524737	0	0.0601987371410949	0	0.312862482568228	0.00146117371368086	0	0	0	0.037626656279482	0	0	0	0.0404229281067926	0.0167809187037913	0.184119435339405	0	0	0.456526472201796	0.931510102251196
GSM3293917	0.0181948521294987	0.0842598461700823	0	0.0158648600928168	0	0	0.0554936374863472	0.00517342691104323	0.220425556463566	0	0.225157085352011	0	0	0	0	0.162536311368876	0	0	0	0.0176300516136379	0.00543672962789173	0.189827642784229	0	0	0.538832042174173	0.863446164166525
GSM3293918	0.0188922950320005	0.256986749528508	0	0	0.0395615804201807	0	0.0283648756386285	0	0	0	0.326723248647911	0.0149434551283447	0	0	0	0.0879151009144357	0.0341517093273283	0	0	0.012597557320291	0.0055678030444618	0.161800183249799	0.0124954417481109	0	0.377980960942656	0.974410696738776
GSM3293919	0.0205571224265658	0.118537879369622	0	0	0	0	0.0904479652687334	0	0.248527859805424	0	0.230606813666356	0.0213672313624799	0	0	0	0.0871722239989495	0.00684950647335459	0.0018601194111282	0	0.0225884173321519	0.011549177170818	0.139935683714416	0	0	0.497494579952725	0.88104280788967
GSM3293920	0.0159956382484376	0.1140853284473	0	0.021656430015958	0	0.0133011469940186	0.111583875975306	0	0.249306826167424	0	0.21741486135752	0	0	0	0	0.0653504374687788	0.00407167166933881	0	0	0.0189750927137624	0.00472230095607791	0.163536389986078	0	0	0.53883345401012	0.853977404184208
GSM3293899	0.00258830213994227	0.0965007695341264	0	0	0.242107987638776	0	0.307478798488705	0	0	0	0.186482830031087	0	0	0	0.0504041657756855	0	0	0.000154241806978695	0	0.0333176720803542	0.029963334313415	0.0510018981909313	0	0.101	0.0679433158965375	1.12862347084961
GSM3293921	0.0196694675226398	0.105188881635346	0	0.0290943085826281	0	0	0.0768300171475681	0.00154345261363918	0.254675773343598	0	0.200386288032405	0	0	0	0	0.100611607681724	0	0	0	0.0305909337368018	0.00837256971508933	0.173036699988561	0	0	0.514083660238926	0.877350146933225
GSM3293924	0	0.107699172190591	0	0	0.380077837486292	0	0.200691134082248	0	0	0	0.134844767462732	0	0	0	0.0211085458043042	0.00295791272916593	0	0	0	0.0304181305362831	0.0307815934892565	0.0914209062191282	0	0.003	0.215600599742665	1.0606138843657
GSM3293922	0	0.126803122469182	0	0	0.310301560194602	0	0.229226376756484	0	0	0	0.113636106184407	0	0	0	0.0178552931895259	0.0924721691346885	0	0	0	0.00257030756788674	0.0357883299912549	0.0713467345119688	0	0.054	0.100523544480992	1.11907517393013
GSM3293923	0.00208252308242218	0.159949143936647	0	0	0.310774065582533	0	0.165291539710405	0	0	0	0.176275955226527	0	0	0	0.00231241993654228	0.0702642094345768	0	0.0020247967276182	0	0.017794013348262	0.0285783373613171	0.0646529956531489	0	0.0590000000000001	0.0956691008006385	1.11142140396202
GSM3293916	0.006215067199635	0.0994162889254474	0	0	0.328955470018442	0	0.163632548571041	0	0	0	0.140833629811622	0	0	0	0.00902843933543164	0.0772947389929815	0	0	0	0.0305493796073128	0.0435619765256703	0.100512461012416	0	0.003	0.238302714556849	1.05378998924067
GSM3293913	0	0.187588321252638	0	0	0.245468803878396	0	0.236124838281313	0	0	0	0.142617209143272	0.00625872740293297	0	0	0.00518818504259117	0.0852112142549987	0.010366069853618	0	0	0.0116230840640816	0.00915881746755127	0.0581520269825959	0.00224270237601161	0.083	0.0770350873348176	1.1197738587775
GSM3293914	0	0.166980520082265	0	0	0.25515284855601	0	0.187039643382758	0	0	0	0.19881765470385	0.000230719009001656	0	0	0.00750109742122432	0.0896742998208129	0.00234528394742176	0.00333008051881001	0	0.0204248767822356	0.0182205999566814	0.0502823758189293	0	0.095	0.0710984202719715	1.1173637054629
GSM3293915	0	0.080965516334027	0	0	0.377458214715704	0	0.214295599543034	0	0	0	0.104374843158537	0	0	0	0.0347978771230877	0	0	0	0	0.0465128421170792	0.0530630671076093	0.0885320399009226	0	0.003	0.228828923413668	1.05644755877024
GSM6222621	0.0107109198463433	0.162359781247879	0	0	0.159336122348021	0	0.181400574857242	0	0	0	0.289752410880429	0.00233210660672282	0	0	0.00307626809328223	0.0243552279058313	0	0	0	0.023774786891275	0.0183292533972421	0.124572547925732	0	0.002	0.276916477056089	1.03133155025637
GSM6222622	0.0140711220959709	0.106528839041116	0	0	0.0158600005947923	0	0.158325337875344	0	0.000246683104563735	0	0.200692877067392	0	0	0	0	0.32267246509534	0	0	0	0.0233361181945316	0.0239156510821157	0.134350905848834	0	0.002	0.289901891731767	1.04154140090634
GSM6222623	0.0126122956432322	0.136496332690855	0	0	0.0997758884712679	0.00823931536112379	0.164565141564852	0	0	0	0.246808510940427	0	0	0	0	0.107876619676415	0	0	0	0.0455496017346034	0.0192221438492091	0.158854150068015	0	0	0.377897080060789	0.981533777486276
GSM6222624	0.0124280920415283	0.134150904531821	0	0	0.137534774168683	0	0.121860448771024	0	0	0	0.207550435751198	0	0	0	0	0.188819042706674	0	0	0	0.0172227784976341	0.0155607684514513	0.164872755079985	0	0	0.402086371004852	0.968439444969283
GSM6222625	0.00581134291302469	0.115238993269379	0	0	0.140696741540298	0	0.11547463311647	0	0	0	0.212204690934166	0	0	0	0	0.224050530530566	0	0	0	0.0248602954653119	0.0136531706197274	0.148009601611058	0	0	0.375757240994093	0.979404151102398
GSM6222626	0.00711114385415051	0.126168726190165	0	0	0.114521488817337	0	0.143507668908498	0	0	0	0.255712777050687	0	0	0	0	0.165493605068589	0	0	0	0.0221499626852169	0.011819141061286	0.153515486364071	0	0	0.374259178835053	0.981543050314113
GSM6222627	0.0126200606197953	0.155296693177803	0	0	0.00284945669930532	0	0.127377710699253	0	0	0	0.285231519514583	0	0	0	0	0.219319519331032	0.00361577564439805	0	0	0.0335267876109575	0.00981239294599298	0.150350083756879	0	0	0.3814121035649	0.975966994332479
GSM6222628	0.0153092140520874	0.158950155962897	0	0.00287733705904906	0	0.00891246137890924	0.175177435773687	0	0.011468846027539	0	0.342923496970662	0	0	0	0	0.0682885685887496	0.00162156472253333	0	0	0.0618582447027564	0.0211594789841316	0.131453195776998	0	0.002	0.298166729023792	1.02122400916159
GSM6222629	0.0100222355472269	0.10570794030702	0	0.0208185732387271	0	0	0.103184364411186	0	0.225713744374961	0	0.223902438016217	0	0	0.000914442378474276	0	0.125777610438045	0.000741124346638841	0.00488285094667351	0	0.0553834569056116	0.0125627526066609	0.110388466482558	0	0.001	0.343353868450069	0.9761700137353
GSM6222630	0.00196782189876913	0.203000449378378	0	0	0.225177627521522	0	0.0650992116818129	0	0	0	0.31377746066335	0	0	0	0	0.013187875563928	0.0225455091131194	0.00187800781290754	0	0.103327451616784	0.00183223478520298	0.0432201191371033	0.00498623082712303	0.025	0.139610638482246	1.06791706572874
GSM6222631	0.0071050299965557	0.146584247301099	0	0	0.275938857778834	0	0.115280720456491	0	0	0	0.263260809717433	0.00894897820355447	0	0	0.00955459657857912	0	0.000687594291245548	0	0	0.109387894584739	0.00375915441415958	0.0569969150641966	0.00249520161311258	0.01	0.170749508734863	1.06294139574961
GSM6222632	0	0.168598844667174	0	0	0.266705489296552	0	0.0571202056438053	0	0	0	0.306400251709486	0.00646709676024569	0	0	0.0187544569273909	0	0.0067958979677543	0.0343712477113088	0	0.0651214485087387	0.00404429755200188	0.0472329328827252	0.018387830372818	0.01	0.164532264132677	1.05855887108718
GSM6222633	0.00655792135879434	0.174736942368486	0	0	0.324462897967167	0	0.0529314339783186	0	0	0	0.2731611595551	0.0117389963734283	0	0	0.013633810036577	0.00310758123426385	0.00756634123964092	0.00997180137497228	0	0.0438723428943611	0.00323636441883194	0.0610426915044165	0.013979715695642	0.00900000000000001	0.174873603639354	1.06146162085716
GSM6222634	0.0112290372766612	0.188310468040403	0	0	0.237895174520149	0	0.0654743164087828	0	0	0	0.307765976675746	0.00258945319272023	0	0	0	0	0.00101467023165878	0.00800466387924982	0	0.134558507063739	0.00425887548095107	0.0388988572299389	0	0.00900000000000001	0.176998212803395	1.0505418270153
GSM6222635	0.00470469798616499	0.154894601647419	0	0	0.22656307049404	0	0.118117488227888	0	0	0	0.312360886215372	0.0156938864226147	0	0	0.00789789025686633	0	0.00456796845154829	0.0142640563875281	0	0.0843371774575451	0.00195973410364414	0.0455667092198723	0.00907183312949727	0.011	0.159175725709184	1.0643980244903
GSM6222636	0.00723045858757987	0.174425190942714	0	0	0.220105480217629	0	0.110108951019983	0	0	0	0.303056648814526	0.00787467096363596	0	0	0.00695439882758495	0	0.00352910858963751	0.00678240439714002	0	0.0984941068221305	0.00216956260186239	0.040252697455563	0.0190163207600142	0.012	0.157262876753763	1.06289208973289
GSM6222637	0.00566260618209889	0.156331493889182	0	0	0.189143384883489	0	0.131605341856504	0	0	0	0.31525618067012	0	0	0	0	0	0.0181146974275499	0.00182243761091326	0	0.143305228548369	0.0021992579723055	0.036559370959469	0	0.023	0.143593739244314	1.06863883630264
GSM6222638	0.00928102405465507	0.178495677692883	0	0	0.241487099958308	0	0.109859435032606	0	0	0	0.263192642838652	0.00735549957814392	0	0	0.00490924143497705	0.0102509262837965	0.00916765381682682	0	0	0.115213358118139	0.00272942700474489	0.0449694285477669	0.0030885856385006	0.00800000000000001	0.184930836416609	1.05086237699794
GSM3138824	0.00315775177999765	0.0891925650746144	0.040550236388175	0	0.350015364869628	0.0165592337477937	0.122262251306867	0	0	0	0.22923871894969	0.011838954530003	0	0.000849683705609968	0.00994782306107091	0	0.000939996864020855	0.0146407390041162	0	0.0354345099529526	0.00775606783087211	0.0577273714230905	0.00988873151149816	0.019	0.149901563219438	1.08094449642295
GSM3138825	0	0.0504993839684772	0.0475443057765831	0	0.358012787389545	0.0406037115962837	0.0371142900464973	0	0	0	0.265262980389938	0.0154349404203214	0	0.00643056885579674	0	0.0018119423684504	0	0.0255542015131985	0.000588701214215498	0.0527364183898535	0.0141569149742703	0.0579289638124861	0.0263198892840827	0.00600000000000001	0.1908138569134	1.05573302888644
GSM3138826	0	0.14509917574012	0.11275764391245	0	0.384485642029131	0	0	0	0	0	0.233107626249578	0.0066657500129291	0	0	0.0126946552819206	0	0.00535480100961403	0	0	0.0105808442249361	0.00649236189711896	0.0772162452823632	0.00554525435983966	0.005	0.194497694918635	1.06147922417333
GSM3138827	0.00813674427655212	0.127940339321111	0	0	0.28221026048435	0	0.127605836329531	0	0	0	0.220917054575037	0	0	0.000978499041652028	0.0155515493981727	0.0172478342451401	0.0137878552274784	0.00614915670594214	0	0.120696007917702	0.00484336902218922	0.0539354934551423	0	0.011	0.158323998772323	1.07146019371432
GSM3138828	0.00578452554810216	0.181784443676481	0	0	0.236191121926477	0	0.126255586283249	0	0	0	0.268318629280711	0.0278602912689556	0	0	0.0163845268048894	0.00314934284190999	0.0156258410823038	0	0	0.0250420114725404	0	0.0706811851575469	0.0229224946568339	0.01	0.172047669992144	1.06840739382953
GSM3138829	0	0.189197213902431	0	0	0.286675730490616	0	9.4209255753172e-05	0	0	0	0.308269262914396	0.0167363331201648	0	0.00465104964721513	0.0177931501355593	0.0521122670499235	0.016974915658457	0.00673098065591061	0	0.0174572017277216	0.00177922556389906	0.0703323347156244	0.0111961251623279	0.00600000000000001	0.190131702244002	1.05350310896724
GSM3138830	0.00446372050495611	0.156143347530582	0	0	0.305370643625682	0	0.107113729836372	0	0	0	0.231776001439949	0.0138285056436362	0	0	0	0.0449325848780942	0.0062826237949422	0.00578046107542138	0	0.0465730998348953	0.00525459209021588	0.0659351759500487	0.00654551379520449	0.004	0.209834674643108	1.0463472549878
GSM3138831	0.0160890354943135	0.180361493768286	0	0	0.19939214682237	0	0.195306810249095	0	0	0	0.214890209472561	0.0177391276306535	0	0	0	0.0313225951820853	0.0135821857851181	0.0101381172241848	0	0.0466460180808908	0.00351598185433526	0.0710162784361068	0	0.001	0.363911500782694	0.961163345031782
GSM3138832	0	0.194437779508055	0	0	0.232273874537353	0	0.134907284849234	0	0	0	0.198110894268451	0.00418807786457623	0	0	0.0111830557402124	0.0719825938634171	0.0243819886411239	0.00342679049477457	0	0.0663305173587908	0.00364686173677493	0.0551302811372373	0	0.00900000000000001	0.175191991721845	1.05972940836887
GSM3138833	0.0113559685920805	0.155267972528815	0	9.07624869515367e-05	0.0719033471987815	0	0.188570898831	0	0	0	0.286855003869359	0	0	0	0	0.114547670430394	0	0	0	0.021928938593613	0.0194282443096473	0.130051193159359	0	0	0.395890121120167	0.957475188958681
GSM3138834	0.00601624982611049	0.135134844035737	0	0	0.121446069818569	0	0.175826177650692	0	0	0	0.259911408717378	0	0	0	0	0.114366666106194	0	0	0	0.0253513422555599	0.0246599342807576	0.137287307309002	0	0	0.380186494830435	0.970555961623484
GSM3138835	0.00424233505031954	0.128550559684479	0	0	0.161102010367067	0	0.154851705195439	0	0	0	0.275328768801335	0	0	0	0	0.099503012782186	0	0	0	0.0132671736480181	0.0207995157811286	0.142354918690028	0	0.001	0.338763470265299	0.999890911052187
GSM3138836	0.0081073043538632	0.15970684986535	0	0	0.096565422049724	0	0.195080076370227	0	0	0	0.263434407501321	0	0	0	0	0.102361918048516	0.00133835556465288	0	0	0.0303943932304852	0.0167538235355362	0.126257449480325	0	0.001	0.334091000219943	0.996789009595905
GSM3138837	0.0137758384389663	0.0733154458425837	0	0.0119888040691038	0	0	0.11553475906256	0	0.242469461668033	0	0.227096246658944	0	0	0.00289005249991324	0	0.131795147532843	0.00207476987229069	0	0	0.0225199273619943	0.0202388903811096	0.136300656611658	0	0	0.496462448793134	0.881858015702213
GSM3138838	0.0122654600057785	0.154391022064637	0	0	0.0868753144986759	0.0208590355791961	0.180513876259145	0	0	0	0.218555970173098	0	0	0	0	0.128857257401325	0.000670306721539795	0	0	0.0254539822966313	0.0189528045959108	0.152604970404062	0	0.001	0.358761273294542	0.993057424420825
GSM3138839	0.00519519947933007	0.137580072584463	0	0	0.131130326575796	0	0.176373320302878	0	0	0	0.227861587645208	0	0	0	0	0.108575758404832	0.00744905250310465	0	0	0.0585927659072526	0.0202146014966476	0.127027315100489	0	0.002	0.297634761724989	1.02041172922538
GSM3138840	0.0110125089084737	0.112982756361496	0	0	0.129306340901763	0.000298985151015124	0.12528113637074	0	0	0	0.176628899126217	0	0	0	0	0.241355316442195	0.000684316117385479	0	0	0.0239433550889924	0.0167098761826026	0.16179650934912	0	0	0.376411018221695	0.988038125883533
GSM3138841	0.00838225618515999	0.110124152199538	0	0	0.109116025493451	0	0.149398649832412	0	0	0	0.203409254249394	0	0	0	0	0.230520557835962	0.000801245329148262	0	0	0.0257982110075931	0.0152479816521925	0.147201666215149	0	0.001	0.354952697701072	0.996042051698753
GSM3138842	0.0163751841254812	0.160608454646874	0	0	0.137853747925613	0	0.160774991902981	0	0	0	0.229770607823166	0	0	0	0	0.0896509410128664	0	0	0	0.0506936181787777	0.0288806085638596	0.12539184582038	0	0.001	0.336660935560856	0.9962541892159
GSM3138843	0.012460585051138	0.111089766806528	0	0	0.112501067228626	0.051306629336974	0.17115341723362	0	0	0	0.250098128961641	0	0	0	0	0.0876542702436264	0.00910802070455516	0	0	0.0392524566260968	0.0140856715381329	0.141289986269061	0	0	0.404724331813646	0.9545554857875
GSM3138844	0.0221098561267529	0.198476207469355	0	0	0.0791307026288809	0	0.189645196965851	0	0	0	0.308801000195216	0.000214149142583749	0	0	0	0.0400970368999104	0.00712940829861581	0	0	0.0770987722313614	0.00503695545468761	0.0722607145867859	0	0.003	0.221669681753612	1.04551726172849
GSM3138845	0.0201898125000217	0.115454122594835	0	0	0	0.00378070468581006	0.111357731825006	0	0.154452897415722	0	0.286930164097385	0	0	0	0	0.0887132093987576	0	0.00239925645144937	0	0.0201514552698782	0.0227208866565328	0.173849759104602	0	0	0.556802961829649	0.844345872653806
GSM3138846	0.0103883579508975	0.173704647804031	0	0.00718696099305551	0.0747444171646893	0	0.186608448490215	0	0	0	0.238260308673271	0	0	0	0	0.107596230749524	0.00201691082541879	0	0	0.0303762768714852	0.016278255965688	0.152839184511726	0	0	0.395872499785525	0.965133669949909
GSM3138847	0.0201551383750267	0.121736557952365	0	0	0	0.0187431104433922	0.129123725441129	0	0.10400819713035	0	0.269259315611412	0	0	0	0	0.100676464323276	0	0	0	0.0299633910812565	0.0297112429759924	0.1766228566658	0	0	0.524043637568654	0.874247558150683
GSM3138848	0.0152555874352239	0.189290902498872	0	0.0033425625084812	0	0	0.216168808016752	0	0	0	0.268000261716959	0.00238758267418235	0	0	0	0.100396040285594	0	0.00442941585860867	0	0.0367453999117151	0.00876518757108076	0.155218251522531	0	0	0.399149089146157	0.964719960594863
GSM3138849	0.00752692672833596	0.110362974665718	0	0.0204747418024997	0.035243659311874	0.0681029276241845	0.242490181435484	0	0	0	0.165628590375172	0	0	0	0	0.126187303957917	0	0	0	0.03168495977044	0.021724216489823	0.170573517838552	0	0	0.388439501914453	0.98315506346386
GSM3138850	0.0182010386060786	0.0854708931528252	0	0.0235745226288033	0	0.038856439467847	0.0819677958058599	0	0.212679967394015	0	0.174663626357547	0.000736005215473669	0	0	0	0.189727557493307	0	0.00283536401559498	0	0.0354889365594683	0.00977814024389306	0.126019713059287	0	0	0.424320542651057	0.931431680346556
GSM2211691	0.0132858541218631	0.170700622529623	0	0	0.139116503491177	0	0.172406425100929	0	0	0	0.253623007113476	0	0	0	0	0.0858457427353556	0	0	0	0.0238720275084896	0.0209656643824622	0.120184153016624	0	0.002	0.295761691346559	1.0195302492882
GSM2211692	0.00894637234479132	0.162381564166078	0	0	0.183898943355228	0	0.150689044234923	0	0	0	0.211873400745321	0	0	0	0	0.11398211898248	0	0	0	0.0169611330106289	0.0333480236585885	0.117919399501961	0	0.002	0.28890813047265	1.02404625480397
GSM2211693	0.0115864059850882	0.152437856544535	0	0	0.156149911063632	0	0.177960671979034	0	0	0	0.294319677699684	0.00523484156294495	0	0	0	0.040783359991141	0.00719758354062454	0.00658442338549079	0	0.066390415503027	0.00153586301246155	0.0689394490128442	0.0108795407194926	0.004	0.210263495869032	1.04924620064276
GSM2211694	0.00812158488182193	0.167362172513543	0	0	0.125601147857836	0	0.171309230746397	0	0	0	0.244961225593266	0.016878940626359	0	0	0.0128627540335945	0.107357391651152	0.0212531278771284	0.00556189923107249	0	0.0546612256428296	0.00299433482706722	0.0610749645179316	0	0.00600000000000001	0.190651478810523	1.06038942257031
GSM2211695	0.00177672601793086	0.199899589529886	0	0	0.184561702542033	0	0.106194441967506	0	0	0	0.286143750127878	0	0	0	0	0.0205073978093949	0.0182841233478603	0.00819500465846478	0	0.126237845420427	0.00199296599405834	0.0351857019383046	0.0110207506462553	0.00700000000000001	0.186691772486175	1.04339246317576
GSM2211696	0.0108194981166841	0.153379366179567	0	0	0.173433515421297	0	0.1631817077275	0	0	0	0.237656781994998	0.00455195836071769	0	0	0	0.101925006948681	0	0	0	0.00425695252790456	0.0343948593345435	0.116400353388107	0	0.002	0.287160608721987	1.02579051104065
GSM2211697	0.0137620128997036	0.170850087855316	0	0	0.160524357376529	0	0.164515373045687	0	0	0	0.248427853683082	0	0	0	0.00105239878896137	0.0864480587101397	0	0	0	0.0373688583845806	0.0203337253685531	0.0967172738874479	0	0.003	0.233535965164939	1.04791860312768
GSM2211698	0.00761550044595122	0.165174552526594	0	0	0.160573621910439	0	0.167492391672605	0	0	0	0.208138980144991	0.0150077334626441	0	0	0	0.147566142951567	0.00762162382232209	0	0	0.00993071688776367	0.0112242697264127	0.0918757724058007	0.00777869404291029	0.003	0.232310292433925	1.04885082504371
GSM2211699	0.0137447250904941	0.165009021442552	0	0	0.185569475960535	0	0.127019333104712	0	0	0	0.235103832473235	0.000654484899062422	0	0	0	0.112204750310333	0	0	0	0.0145533942691454	0.03715297526144	0.108988007188492	0	0.002	0.277198221070666	1.02825413388822
GSM2211700	0.00599539539019006	0.192951884310135	0	0	0.291134909185444	0	0.0677602216484148	0	0	0	0.281065904127318	0.00842114171235271	0	0	0.00809169584494057	0	0.0101410875898217	0.00550518008474406	0	0.0647951957274189	0.00245449216892544	0.0589611682812585	0.00272172392903495	0.01	0.169293475299054	1.06154138666327
GSM2211701	0.00804895061522031	0.154335523530733	0	0	0.303682666339055	0	0.135587834679233	0	0	0	0.21976717698256	0.00572325547050356	0	0	0.00514973887648048	0	0	0	0	0.0267089365963228	0.041360713356052	0.0996352035538394	0	0.002	0.265928364872975	1.03037359398017
GSM2211702	0.00346587247557424	0.177096357828227	0	0	0.23175626378112	0	0.135339699184924	0	0	0	0.236380127992463	0.0144451488726401	0	0.00186124889451146	0	0.0522518597381958	0.00238973088993833	0	0	0.0226995803519288	0.0279677280481314	0.094346381942347	0	0.003	0.237081311514065	1.04188817666085
GSM2211703	0.00959838589738748	0.153330256513147	0	0	0.223525530460282	0	0.1530361527877	0	0	0	0.280060739680219	0.00345549618008758	0	0	0	0.0069948634719833	0	0	0	0.0553179435595507	0.0341023825184489	0.0805782489311935	0	0.003	0.23322263671269	1.0391623259656
GSM2211704	0.0132523860991532	0.170258585600986	0	0	0.128545516043123	0	0.158775267855534	0	0	0	0.252405825203165	0.0110086006171328	0	0	0	0.093881659591864	0	0	0	0.0298950674802035	0.0270640920392851	0.114912999469553	0	0.002	0.293389350900733	1.01955233864084
GSM2211705	0.00567273240020054	0.182416329876088	0	0	0.192074825650862	0	0.165932777687394	0	0	0	0.247313353168938	0.00948154320754122	0	0	0.0135627014237194	0	0.0158571296726984	0.0086825454937536	0	0.120182284361288	0.00435327041061663	0.0344705066468997	0	0.015	0.152313508232867	1.06604574579026
GSM2211706	0.0095767170818925	0.137136161149314	0	0	0.188970312223608	0	0.115534194058989	0	0	0	0.258792914218916	0.00109169454556066	0	0	0	0.12558418122686	0	0	0	0.0239635403341963	0.0182503108218204	0.121099974338843	0	0.001	0.316920318447193	1.0057858156265
GSM2211707	0.0114346220355379	0.136655077827513	0	0	0.149315761658892	0	0.128889465196762	0	0	0	0.280676545524422	0	0	0	0	0.123431617172303	0	0	0	0.0287870438582743	0.00861381894793488	0.132196047778361	0	0.001	0.362814405929492	0.979395709461542
GSM2211708	0.0119915846682969	0.134402521485615	0	0	0.186958441700581	0	0.138120812111408	0	0	0	0.220750160815423	0.00591295687650203	0	0	0	0.13297893665013	0.000554703707232288	0.00203835820527775	0	0.0174777719487723	0.0138045309955184	0.135009220835244	0	0.001	0.328925189443661	1.00610146808426
GSM2211709	0.00912942604559945	0.117399334042586	0	0	0.156538984944524	0	0.140278638132146	0	0	0	0.27096837780847	0	0	0	0	0.114602563855775	0.00275293402805489	0	0	0.0620346409813148	0.0048670166938944	0.121428083467635	0	0.001	0.317586727758971	1.00470962779223
GSM2211710	0.000723362258123964	0.114348062005038	0	0	0.261013332559611	0	0.189841769535412	0	0	0	0.261589370510813	0.00880364310301664	0	0	0.0117835226577255	0	0.00646443997832136	0.00865419103205135	0	0.0706905406276124	0.00145388020449785	0.0518133882685696	0.0128204972592077	0.00800000000000001	0.182751168105681	1.05738301866346
GSM2211711	0.0146108516551002	0.122734341656192	0	0.00753504025326452	0	0	0.12429035138843	0	0.120857928461026	0	0.249472677154797	0	0	0	0	0.177305401508845	0	0	0	0.0323603553883671	0.0228767516325311	0.127956300901446	0	0.001	0.362042790989876	0.976807052367537
GSM2211712	0.00547510321538613	0.127437994544484	0	0	0.146888896649791	0	0.174761898411264	0	0	0	0.296883726988241	0	0	0	0	0.0593986803397338	0.0174982535709141	0.00113653726419924	0	0.0955862559344898	0.00414250754697403	0.0598341640639383	0.0109559814705852	0.004	0.2080579654035	1.04631874275594
GSM2211713	0.00366923273016299	0.202440224970664	0	0.00158996251945091	0.0531595374559338	0	0.120603534560393	0	0	0	0.247030544422666	0.0150958351585226	0	0	0.000891101882770194	0.159019251263645	0.026923382595409	0.00867067945552344	0	0.0956250381250718	0.005812084585908	0.0594695902738792	0	0.003	0.242100551724151	1.02720304696554
GSM2211714	0.00287914955312802	0.196373981893206	0	0	0.112089389962136	0	0.140023908344229	0	0	0	0.203819761192642	0.015572108660117	0	0	0	0.174662824278051	0.0152960764471381	0	0	0.0401011704071712	0.0119882626878908	0.0871933665742915	0	0.003	0.246811399406671	1.03491518478783
GSM2211715	0.00898835129513234	0.167014732119517	0	0	0.268791628795167	0	0.103415764939493	0	0	0	0.267304235222647	0.0101255169744455	0	0	0.00819532992655278	0	0.00793152092155604	0.000772614064469657	0	0.086342400407137	0.00469241391454243	0.0594926551741151	0.00693283624522595	0.003	0.219012247567956	1.03737471364804
GSM4232387	0.00288780428725751	0.142919856086272	0	0	0.220341432773843	0	0.147275669280201	0	0	0	0.311344473603001	0	0	0	0	0.00778592703193498	0	0.00655536681002284	0	0.110759422964972	0.00416308141874532	0.0459669657437505	0	0.01	0.169625431135374	1.05826968361171
GSM4232388	0.00374546258072263	0.207609151362965	0	0	0.244251148290202	0	0.111552176650326	0	0	0	0.194814409155137	0.0163994227168398	0	0.0113107042234134	0	0.101790002646865	0.00907196616225944	0	0	0.0198212063558828	0.00519133274768367	0.0672415387775105	0.00720147833019245	0.028	0.131383506316109	1.09010834405982
GSM4232389	0	0.217828683566689	0	0	0.187235556932276	0	0.0541223970094816	0	0	0	0.275075817731104	0.0135109630050829	0	0.0277452423117034	0.0203671672710976	0.081756162633686	0.0264206773422651	0.0147569565705771	0	0.0265305536594835	0.00332794408345832	0.0317191902185286	0.0196026876645668	0.01	0.167162487973817	1.05631746282091
GSM4232390	0.00549495530459001	0.216773769996257	0	0	0.251531540092279	0	0.15764238922948	0	0	0	0.153609753651301	0.0112071981450386	0	0	0.0102353548215412	0.0544856408709373	0.0151946004429749	0	0	0.0393648546229925	0.00561398112080636	0.0716701804852179	0.00717578121658373	0.011	0.158563883900483	1.07743595079803
GSM4232391	0.000522255408741555	0.136058123175407	0	0	0.273679134441206	0	0.169793448155731	0	0	0	0.200132943329605	0.0223962422250962	0	0	0.00695344360192392	0.0120728123380876	0.019738549271203	0	0	0.0631521563811247	0.0137647843548425	0.0807395386837323	0.000996568633298794	0.003	0.220499164571345	1.04718832946696
GSM4232392	0	0.12754512694917	0	0	0.284708963612991	0	0.193725455985594	0	0	0	0.201234289592888	0.00719099575670183	0	0	0.0167368455898907	0.0260997838076124	0.000836370400339554	0.00150988342657762	0	0.0212345479545708	0.0149577240636477	0.0881313380040635	0.0160886748559519	0.005	0.192320454314858	1.06794854083196
GSM4232393	0.00875908999702444	0.108403780947182	0	0	0.179347953232444	0	0.174430469684237	0	0	0	0.161600112827781	0.0148154280324807	0	0	0.00899543552889526	0.235700640606493	0.00439893157702994	0	0	0.0150328024816105	0.0180577992279193	0.0704575558569032	0	0.00600000000000001	0.18879738882469	1.07389363993888
GSM4232394	0.00441490971328733	0.174470611243436	0	0	0.2143059435727	0	0.153165921362706	0	0	0	0.199996713903469	0.00763969830704964	0	0	0.0169697009149364	0.0529578123215335	0.0208192067794916	0.00293647376233352	0	0.0693640827301402	0.0143503648201997	0.0686085605687176	0	0.011	0.161855819120872	1.07433545290888
GSM4232395	0.00982569202522958	0.154182162298298	0	0	0.212564220552617	0	0.186337734222462	0	0	0	0.170684074685979	0.00195688480886552	0	0	0	0.109374597686878	0	0	0	0.045989571969599	0.0263327355073233	0.0827523262427484	0	0.003	0.237329228500199	1.04255666231455
GSM4232396	0.00726374567119416	0.18646105416133	0	0	0.18148054071493	0	0.153579493208855	0	0	0	0.209143694734542	0.00108454291799533	0	0	0	0.0810882675680337	0.019899402353557	0	0	0.0632153205252842	0.0185942560130144	0.0781896821312642	0	0.003	0.244091270951789	1.03156830781064
GSM1023434	0.00134244280389707	0.225412053399473	0	0	0.169629437506397	0	0.0424026655941514	0	0	0	0.226234919742221	0.0206076077386556	0	0	0.0277750883995369	0.120787222240201	0.0333927775729289	0.0178720307132676	0	0.0826425012383637	0.00438683478261332	0.0275144182682932	0	0.022	0.144494613155018	1.0671621707222
GSM1023435	8.20359228027423e-05	0.211032216132773	0	0	0.216802785790643	0	0.199757569033603	0	0	0	0.169650899266061	0.0106435301328752	0	0	0.0302961493390844	0.0224910377284421	0.014687659858361	0.0194907565505148	0	0.0535539596574792	0.000881759104286335	0.0480412876543091	0.00258835382876509	0.00800000000000001	0.179429240427821	1.05730477057323
GSM1023436	0.00145047718333978	0.170013448046437	0	0	0.291771437195486	0	0.0705726526959772	0	0	0	0.282940830173567	0.00195806180786802	0	0	0.0130402551651781	0	0.0105136534746717	0.00368131140614113	0	0.0940721831127124	0.00430409903887802	0.0539619345268321	0.0017196561729114	0.01	0.171737266867246	1.05728018751425
GSM1023437	0.00637434391492134	0.154368496211929	0	0	0.156457987179461	0	0.206187475769019	0	0	0	0.208943524500959	4.3988413944376e-05	0	0	0	0.113821625819593	0.00516228071458345	0.000586027091682515	0	0.045923376700493	0.00893169725574432	0.0931991764276694	0	0.002	0.261854451218981	1.03015679672799
GSM1023438	0.0159129387651688	0.160518998975633	0	0	0.125581517210322	0	0.169880197507026	0	0	0	0.269225514861639	0.00560988757987578	0	0	0	0.0718001780533758	0	0.00161668214085988	0	0.0306180086486867	0.0247967114362938	0.124439364821119	0	0.001	0.319949170421541	1.00652955392826
GSM1023439	0.0144538467399733	0.185099130225022	0	0	0.173809483433967	0	0.161031024201415	0	0	0	0.264689412142618	0.00265792367350159	0	0	0	0.00542547870021327	0.000933747903901943	0.00141686781405304	0	0.0427227661434002	0.0282895930232328	0.119470725998701	0	0.002	0.309164400537315	1.00838743141227
GSM5632882	0.00255436332580591	0.102730726172073	0	0	0.169015782259659	0.00678126984502561	0.241557566564308	0	0	0	0.3056664154561	0.00304852002967859	0	0	0	0.0756345378125402	0	0.000919535051523636	0	0.0247969850387673	0.00614623892461811	0.0529605995208461	0.00818745999905494	0.164	0.0428724172739935	1.13858639987757
GSM5632883	0.0036801101058994	0.188021938659388	0	0	0.169794076939255	0	0.241169475990764	0	0	0	0.0908238557205983	0.00804899778228388	0	0.0148368954714419	0	0.199419441635956	0.00736599842756913	0.00496657120999319	0	0.0081551211397834	0.00633288668808787	0.0535480484515074	0.00383658177747322	0.112	0.0616027259524898	1.13487455842956
GSM5632884	0.00052106932890187	0.131608779385435	0	0	0.228104482417352	0.0035523519700666	0.102975397288106	0	0	0	0.265936636609876	0.00137378214427378	0	0	0	0.149351574987492	0.000708402714136786	0.0104251011272083	0	0.0294266344077786	0.00783515629657548	0.0681806313227974	0	0.028	0.130055076441961	1.09188780867969
GSM5632885	0.00872320453320332	0.176403958930471	0.222213835218669	0	0.227772515318096	0	0.0423392690020646	0	0	0.0159603390566267	0.0723647688362112	0.023813555801571	0	0	0.0587124111065624	0	0.0128747011364224	0.000355135213224024	0.0116287795281948	0.0465705207015982	0.00658661247246377	0.0489616210219779	0.0247187721226436	0.053	0.102005909441796	1.11299122039626
GSM5632886	0	0.307319226163315	0.118313914616147	0.0462425394002756	0.16077846988309	0	0.0379795093359468	0	0	0	0.11172897592655	0.0276582770468504	0	0	0.0247878532525877	0	0.0040985850002684	0.00380914471113489	0	0.112415163121271	0.00547291272840395	0.0331855101183993	0.00620991869576045	0.121	0.0587572565701716	1.11120438278585
